# This file was produced by samtools stats (1.22.1+htslib-1.22.1) and can be plotted using plot-bamstats
# This file contains statistics for all reads.
# The command line was:  stats ../../02_data/genome-alignment/SRR10983656.trim.sorted.bam
# CHK, Checksum	[2]Read Names	[3]Sequences	[4]Qualities
# CHK, CRC32 of reads which passed filtering followed by addition (32bit overflow)
CHK	1dfc6dae	5d2b2757	8f63376b
# Summary Numbers. Use `grep ^SN | cut -f 2-` to extract this part.
SN	raw total sequences:	754976	# excluding supplementary and secondary reads
SN	filtered sequences:	0
SN	sequences:	754976
SN	is sorted:	1	# sorted by coordinate
SN	1st fragments:	754976
SN	last fragments:	0
SN	reads mapped:	302356
SN	reads mapped and paired:	0	# paired-end technology bit set + both mates mapped
SN	reads unmapped:	452620
SN	reads properly paired:	0	# proper-pair bit set
SN	reads paired:	0	# paired-end technology bit set
SN	reads duplicated:	0	# PCR or optical duplicate bit set
SN	reads MQ0:	16720	# mapped and MQ=0
SN	reads QC failed:	0
SN	non-primary alignments:	112150
SN	supplementary alignments:	0
SN	total length:	37431618	# ignores clipping
SN	total first fragment length:	37431618	# ignores clipping
SN	total last fragment length:	0	# ignores clipping
SN	bases mapped:	15418173	# ignores clipping
SN	bases mapped (cigar):	14302639	# more accurate
SN	bases trimmed:	0
SN	bases duplicated:	0
SN	mismatches:	43348	# from NM fields
SN	error rate:	3.030769e-03	# mismatches / bases mapped (cigar)
SN	average length:	50
SN	average first fragment length:	50
SN	average last fragment length:	0
SN	maximum length:	51
SN	maximum first fragment length:	51
SN	maximum last fragment length:	0
SN	average quality:	34.8
SN	insert size average:	0.0
SN	insert size standard deviation:	0.0
SN	inward oriented pairs:	0
SN	outward oriented pairs:	0
SN	pairs with other orientation:	0
SN	pairs on different chromosomes:	0
SN	percentage of properly paired reads (%):	0.0
# First Fragment Qualities. Use `grep ^FFQ | cut -f 2-` to extract this part.
# Columns correspond to qualities and rows to cycles. First column is the cycle number.
FFQ	1	0	0	1096	0	0	0	0	0	0	0	0	0	0	0	8585	0	0	0	0	0	0	0	0	0	0	0	0	216217	0	0	0	0	0	529078	0	0	0	0	0
FFQ	2	0	0	0	0	0	0	0	0	0	0	0	0	0	0	6870	0	0	0	0	0	0	0	0	0	0	0	0	100530	0	0	0	0	0	647576	0	0	0	0	0
FFQ	3	0	0	0	0	0	0	0	0	0	0	0	0	0	0	108246	0	0	0	0	0	0	0	0	0	0	0	0	122709	0	0	0	0	0	524021	0	0	0	0	0
FFQ	4	0	0	0	0	0	0	0	0	0	0	0	0	0	0	97894	0	0	0	0	0	0	0	0	0	0	0	0	165643	0	0	0	0	0	491439	0	0	0	0	0
FFQ	5	0	0	0	0	0	0	0	0	0	0	0	0	0	0	85885	0	0	0	0	0	0	0	0	0	0	0	0	166485	0	0	0	0	0	502606	0	0	0	0	0
FFQ	6	0	0	0	0	0	0	0	0	0	0	0	0	0	0	95314	0	0	0	0	0	0	0	0	0	0	0	0	79919	0	0	0	0	0	126184	0	0	0	453559	0
FFQ	7	0	0	0	0	0	0	0	0	0	0	0	0	0	0	82532	0	0	0	0	0	0	0	11	0	0	0	0	73728	0	0	0	0	0	105512	0	0	0	493193	0
FFQ	8	0	0	0	0	0	0	0	0	0	0	0	0	0	0	37794	0	0	0	0	0	0	0	32	0	0	0	0	62791	0	0	0	0	0	106293	0	0	0	548066	0
FFQ	9	0	0	0	0	0	0	0	0	0	0	0	0	0	0	30683	0	0	0	0	0	0	0	73	0	0	0	0	53056	0	0	0	0	0	74913	0	0	0	596251	0
FFQ	10	0	0	0	0	0	0	0	0	0	0	0	0	0	0	29444	0	0	0	0	0	0	0	346	0	0	0	0	41803	0	0	0	0	0	58261	0	0	0	625122	0
FFQ	11	0	0	0	0	0	0	0	0	0	0	0	0	0	0	27053	0	0	0	0	0	0	0	630	0	0	0	0	34770	0	0	0	0	0	50123	0	0	0	642400	0
FFQ	12	0	0	0	0	0	0	0	0	0	0	0	0	0	0	23882	0	0	0	0	0	0	0	812	0	0	0	0	30730	0	0	0	0	0	45869	0	0	0	653683	0
FFQ	13	0	0	0	0	0	0	0	0	0	0	0	0	0	0	23104	0	0	0	0	0	0	0	802	0	0	0	0	29345	0	0	0	0	0	41970	0	0	0	659755	0
FFQ	14	0	0	0	0	0	0	0	0	0	0	0	0	0	0	28280	0	0	0	0	0	0	0	906	0	0	0	0	29118	0	0	0	0	0	42352	0	0	0	654320	0
FFQ	15	0	0	2	0	0	0	0	0	0	0	0	0	0	0	23219	0	0	0	0	0	0	0	1118	0	0	0	0	29650	0	0	0	0	0	40779	0	0	0	660208	0
FFQ	16	0	0	3	0	0	0	0	0	0	0	0	0	0	0	23669	0	0	0	0	0	0	0	1221	0	0	0	0	28078	0	0	0	0	0	40578	0	0	0	661394	0
FFQ	17	0	0	0	0	0	0	0	0	0	0	0	0	0	0	25950	0	0	0	0	0	0	0	1442	0	0	0	0	28569	0	0	0	0	0	40216	0	0	0	657801	0
FFQ	18	0	0	0	0	0	0	0	0	0	0	0	0	0	0	24195	0	0	0	0	0	0	0	1607	0	0	0	0	29798	0	0	0	0	0	41043	0	0	0	656518	0
FFQ	19	0	0	0	0	0	0	0	0	0	0	0	0	0	0	23801	0	0	0	0	0	0	0	1409	0	0	0	0	28148	0	0	0	0	0	40064	0	0	0	659591	0
FFQ	20	0	0	0	0	0	0	0	0	0	0	0	0	0	0	22872	0	0	0	0	0	0	0	1860	0	0	0	0	26692	0	0	0	0	0	39648	0	0	0	661904	0
FFQ	21	0	0	2	0	0	0	0	0	0	0	0	0	0	0	25381	0	0	0	0	0	0	0	1808	0	0	0	0	27460	0	0	0	0	0	40934	0	0	0	657299	0
FFQ	22	0	0	0	0	0	0	0	0	0	0	0	0	0	0	22684	0	0	0	0	0	0	0	1850	0	0	0	0	28252	0	0	0	0	0	39269	0	0	0	660803	0
FFQ	23	0	0	1	0	0	0	0	0	0	0	0	0	0	0	23320	0	0	0	0	0	0	0	1572	0	0	0	0	27092	0	0	0	0	0	39936	0	0	0	660851	0
FFQ	24	0	0	2	0	0	0	0	0	0	0	0	0	0	0	23334	0	0	0	0	0	0	0	1823	0	0	0	0	27294	0	0	0	0	0	41485	0	0	0	657442	0
FFQ	25	0	0	0	0	0	0	0	0	0	0	0	0	0	0	23351	0	0	0	0	0	0	0	1622	0	0	0	0	26991	0	0	0	0	0	39472	0	0	0	659739	0
FFQ	26	0	0	0	0	0	0	0	0	0	0	0	0	0	0	25470	0	0	0	0	0	0	0	1623	0	0	0	0	26658	0	0	0	0	0	40516	0	0	0	655371	0
FFQ	27	0	0	1	0	0	0	0	0	0	0	0	0	0	0	27335	0	0	0	0	0	0	0	1712	0	0	0	0	26727	0	0	0	0	0	37519	0	0	0	627783	0
FFQ	28	0	0	4	0	0	0	0	0	0	0	0	0	0	0	24693	0	0	0	0	0	0	0	1649	0	0	0	0	27767	0	0	0	0	0	36703	0	0	0	626596	0
FFQ	29	0	0	0	0	0	0	0	0	0	0	0	0	0	0	24904	0	0	0	0	0	0	0	1776	0	0	0	0	26579	0	0	0	0	0	36385	0	0	0	627551	0
FFQ	30	0	0	0	0	0	0	0	0	0	0	0	0	0	0	25020	0	0	0	0	0	0	0	1659	0	0	0	0	26444	0	0	0	0	0	36822	0	0	0	626970	0
FFQ	31	0	0	0	0	0	0	0	0	0	0	0	0	0	0	27485	0	0	0	0	0	0	0	1624	0	0	0	0	26697	0	0	0	0	0	36513	0	0	0	624064	0
FFQ	32	0	0	0	0	0	0	0	0	0	0	0	0	0	0	25400	0	0	0	0	0	0	0	1741	0	0	0	0	28492	0	0	0	0	0	36625	0	0	0	623177	0
FFQ	33	0	0	6	0	0	0	0	0	0	0	0	0	0	0	26220	0	0	0	0	0	0	0	1664	0	0	0	0	27024	0	0	0	0	0	36820	0	0	0	623094	0
FFQ	34	0	0	0	0	0	0	0	0	0	0	0	0	0	0	26658	0	0	0	0	0	0	0	1659	0	0	0	0	27253	0	0	0	0	0	37025	0	0	0	621752	0
FFQ	35	0	0	0	0	0	0	0	0	0	0	0	0	0	0	26996	0	0	0	0	0	0	0	1694	0	0	0	0	27688	0	0	0	0	0	37017	0	0	0	620701	0
FFQ	36	0	0	0	0	0	0	0	0	0	0	0	0	0	0	26301	0	0	0	0	0	0	0	1691	0	0	0	0	27141	0	0	0	0	0	36978	0	0	0	621852	0
FFQ	37	0	0	0	0	0	0	0	0	0	0	0	0	0	0	26835	0	0	0	0	0	0	0	1784	0	0	0	0	27266	0	0	0	0	0	37356	0	0	0	620631	0
FFQ	38	0	0	0	0	0	0	0	0	0	0	0	0	0	0	26455	0	0	0	0	0	0	0	1852	0	0	0	0	27348	0	0	0	0	0	36812	0	0	0	621305	0
FFQ	39	0	0	0	0	0	0	0	0	0	0	0	0	0	0	26871	0	0	0	0	0	0	0	1785	0	0	0	0	26850	0	0	0	0	0	36881	0	0	0	621249	0
FFQ	40	0	0	1	0	0	0	0	0	0	0	0	0	0	0	27125	0	0	0	0	0	0	0	1720	0	0	0	0	27486	0	0	0	0	0	36852	0	0	0	620177	0
FFQ	41	0	0	0	0	0	0	0	0	0	0	0	0	0	0	27460	0	0	0	0	0	0	0	1960	0	0	0	0	27309	0	0	0	0	0	37157	0	0	0	617404	0
FFQ	42	0	0	0	0	0	0	0	0	0	0	0	0	0	0	27492	0	0	0	0	0	0	0	1900	0	0	0	0	27072	0	0	0	0	0	36952	0	0	0	617614	0
FFQ	43	0	0	0	0	0	0	0	0	0	0	0	0	0	0	27474	0	0	0	0	0	0	0	1825	0	0	0	0	27574	0	0	0	0	0	37411	0	0	0	616322	0
FFQ	44	0	0	0	0	0	0	0	0	0	0	0	0	0	0	28511	0	0	0	0	0	0	0	2014	0	0	0	0	27474	0	0	0	0	0	37752	0	0	0	614685	0
FFQ	45	0	0	0	0	0	0	0	0	0	0	0	0	0	0	28765	0	0	0	0	0	0	0	1874	0	0	0	0	28334	0	0	0	0	0	38134	0	0	0	613180	0
FFQ	46	0	0	0	0	0	0	0	0	0	0	0	0	0	0	26667	0	0	0	0	0	0	0	2021	0	0	0	0	28144	0	0	0	0	0	37910	0	0	0	615397	0
FFQ	47	0	0	0	0	0	0	0	0	0	0	0	0	0	0	28596	0	0	0	0	0	0	0	1888	0	0	0	0	28074	0	0	0	0	0	38257	0	0	0	612809	0
FFQ	48	0	0	0	0	0	0	0	0	0	0	0	0	0	0	27969	0	0	0	0	0	0	0	2036	0	0	0	0	27990	0	0	0	0	0	37825	0	0	0	613804	0
FFQ	49	0	0	56	0	0	0	0	0	0	0	0	0	0	0	29552	0	0	0	0	0	0	0	1906	0	0	0	0	28106	0	0	0	0	0	38194	0	0	0	611810	0
FFQ	50	0	0	54	0	0	0	0	0	0	0	0	0	0	0	28674	0	0	0	0	0	0	0	1947	0	0	0	0	28230	0	0	0	0	0	38165	0	0	0	612554	0
FFQ	51	0	0	0	0	0	0	0	0	0	0	0	0	0	0	39332	0	0	0	0	0	0	0	2590	0	0	0	0	38518	0	0	0	0	0	55375	0	0	0	573809	0
# Last Fragment Qualities. Use `grep ^LFQ | cut -f 2-` to extract this part.
# Columns correspond to qualities and rows to cycles. First column is the cycle number.
# GC Content of first fragments. Use `grep ^GCF | cut -f 2-` to extract this part.
GCF	3.77	0
GCF	8.54	1
GCF	10.55	5
GCF	12.56	57
GCF	14.57	95
GCF	16.58	164
GCF	18.59	514
GCF	20.35	1042
GCF	22.11	1696
GCF	23.87	2579
GCF	24.87	2586
GCF	26.13	3914
GCF	27.39	5826
GCF	28.39	5830
GCF	29.65	7344
GCF	30.65	7346
GCF	31.41	10650
GCF	31.91	10651
GCF	32.66	10689
GCF	33.42	14330
GCF	33.92	14329
GCF	34.42	14343
GCF	34.92	14339
GCF	35.43	18636
GCF	35.93	18652
GCF	36.43	18655
GCF	36.93	18668
GCF	37.44	24658
GCF	37.94	24661
GCF	38.44	24766
GCF	38.94	24872
GCF	39.45	27238
GCF	39.95	27396
GCF	40.45	27405
GCF	40.95	32176
GCF	41.46	32188
GCF	41.96	32228
GCF	42.46	33154
GCF	42.96	39435
GCF	43.47	39634
GCF	43.97	39813
GCF	44.47	40010
GCF	44.97	45848
GCF	45.48	45971
GCF	45.98	48129
GCF	46.48	48320
GCF	46.98	49891
GCF	47.49	49973
GCF	47.99	50955
GCF	48.49	51098
GCF	49.25	60841
GCF	50.25	63391
GCF	51.01	76157
GCF	51.51	76156
GCF	52.01	75813
GCF	52.51	75830
GCF	53.02	72252
GCF	53.52	72059
GCF	54.02	73671
GCF	54.52	73715
GCF	55.03	75334
GCF	55.53	75127
GCF	56.03	75185
GCF	56.53	75037
GCF	57.04	61960
GCF	57.54	61464
GCF	58.04	61341
GCF	58.54	61250
GCF	59.05	49684
GCF	59.55	49584
GCF	60.05	49259
GCF	60.55	38067
GCF	61.06	37992
GCF	61.56	35549
GCF	62.06	35545
GCF	62.56	24655
GCF	63.07	24438
GCF	63.57	24399
GCF	64.07	24268
GCF	64.57	17315
GCF	65.08	17213
GCF	65.58	15107
GCF	66.08	15102
GCF	66.83	12228
GCF	67.59	12168
GCF	68.09	12086
GCF	68.59	8380
GCF	69.10	7179
GCF	69.60	7162
GCF	70.10	7105
GCF	70.60	5063
GCF	71.11	5056
GCF	71.61	5044
GCF	72.11	5011
GCF	72.61	3764
GCF	73.12	3260
GCF	73.62	3254
GCF	74.12	3227
GCF	74.62	2225
GCF	75.13	2191
GCF	75.63	2188
GCF	76.13	2184
GCF	76.63	1430
GCF	77.14	1341
GCF	77.64	1340
GCF	78.14	1343
GCF	78.64	966
GCF	79.40	965
GCF	80.15	842
GCF	80.65	823
GCF	81.16	809
GCF	81.66	807
GCF	82.91	250
GCF	84.92	59
GCF	86.18	43
GCF	86.93	42
GCF	87.69	38
GCF	88.94	5
GCF	90.95	1
GCF	92.96	2
# GC Content of last fragments. Use `grep ^GCL | cut -f 2-` to extract this part.
# ACGT content per cycle. Use `grep ^GCC | cut -f 2-` to extract this part. The columns are: cycle; A,C,G,T base counts as a percentage of all A/C/G/T bases [%]; and N and O counts as a percentage of all A/C/G/T bases [%]
GCC	1	70.93	3.05	2.84	23.19	0.15	0.00
GCC	2	4.68	69.30	22.11	3.92	0.00	0.00
GCC	3	39.70	9.48	8.21	42.60	0.00	0.00
GCC	4	21.22	21.46	17.19	40.13	0.00	0.00
GCC	5	13.83	27.97	42.59	15.61	0.00	0.00
GCC	6	15.91	28.92	40.93	14.24	0.00	0.00
GCC	7	16.23	29.33	39.18	15.25	0.00	0.00
GCC	8	19.04	29.27	32.98	18.72	0.00	0.00
GCC	9	25.41	23.02	29.83	21.74	0.00	0.00
GCC	10	26.12	21.92	23.05	28.90	0.00	0.00
GCC	11	24.27	25.12	23.20	27.41	0.00	0.00
GCC	12	25.40	26.57	24.37	23.67	0.00	0.00
GCC	13	25.27	23.00	27.95	23.78	0.00	0.00
GCC	14	30.15	22.85	22.17	24.84	0.00	0.00
GCC	15	24.53	24.20	28.29	22.98	0.00	0.00
GCC	16	23.84	22.12	28.77	25.27	0.00	0.00
GCC	17	23.68	21.47	31.24	23.61	0.00	0.00
GCC	18	28.62	23.56	22.13	25.69	0.00	0.00
GCC	19	25.54	28.44	20.66	25.36	0.00	0.00
GCC	20	24.65	20.99	29.51	24.85	0.00	0.00
GCC	21	29.68	22.54	24.03	23.75	0.00	0.00
GCC	22	23.33	25.64	27.49	23.54	0.00	0.00
GCC	23	24.26	29.03	21.57	25.14	0.00	0.00
GCC	24	26.45	20.82	24.96	27.77	0.00	0.00
GCC	25	25.31	23.60	26.55	24.55	0.00	0.00
GCC	26	24.37	23.19	24.64	27.81	0.00	0.00
GCC	27	25.27	23.71	25.24	25.78	0.00	0.00
GCC	28	26.10	23.22	25.10	25.58	0.00	0.00
GCC	29	25.11	25.17	24.89	24.83	0.00	0.00
GCC	30	24.01	22.68	24.61	28.70	0.00	0.00
GCC	31	25.16	23.43	22.73	28.67	0.00	0.00
GCC	32	24.37	26.43	23.35	25.86	0.00	0.00
GCC	33	23.33	24.25	25.80	26.62	0.00	0.00
GCC	34	24.26	25.09	23.69	26.96	0.00	0.00
GCC	35	25.84	24.52	25.38	24.26	0.00	0.00
GCC	36	24.59	25.48	24.58	25.34	0.00	0.00
GCC	37	24.09	23.28	25.06	27.57	0.00	0.00
GCC	38	26.46	21.70	26.59	25.25	0.00	0.00
GCC	39	24.60	24.67	25.68	25.05	0.00	0.00
GCC	40	25.60	22.43	25.20	26.78	0.00	0.00
GCC	41	24.16	23.21	27.78	24.85	0.00	0.00
GCC	42	24.24	26.34	24.55	24.87	0.00	0.00
GCC	43	23.54	27.17	25.55	23.73	0.00	0.00
GCC	44	26.48	23.54	24.45	25.53	0.00	0.00
GCC	45	25.88	25.22	22.29	26.60	0.00	0.00
GCC	46	24.03	22.83	26.48	26.65	0.00	0.00
GCC	47	24.71	25.11	25.18	25.00	0.00	0.00
GCC	48	25.48	25.86	24.80	23.87	0.00	0.00
GCC	49	27.00	24.54	24.35	24.11	0.01	0.00
GCC	50	26.83	25.15	24.69	23.33	0.01	0.00
GCC	51	25.10	24.81	23.09	27.01	0.00	0.00
# ACGT content per cycle, read oriented. Use `grep ^GCT | cut -f 2-` to extract this part. The columns are: cycle; A,C,G,T base counts as a percentage of all A/C/G/T bases [%]
GCT	1	90.29	3.05	2.84	3.83
GCT	2	4.69	88.66	2.75	3.91
GCT	3	37.60	9.74	7.96	44.70
GCT	4	13.55	22.22	16.43	47.81
GCT	5	12.61	22.06	48.50	16.83
GCT	6	15.73	25.20	44.65	14.42
GCT	7	15.69	25.64	42.87	15.79
GCT	8	19.21	30.07	32.18	18.54
GCT	9	26.07	22.24	30.61	21.09
GCT	10	25.96	21.01	23.96	29.06
GCT	11	23.59	24.81	23.52	28.09
GCT	12	25.13	27.20	23.74	23.93
GCT	13	25.39	23.51	27.44	23.66
GCT	14	30.44	22.85	22.16	24.54
GCT	15	24.66	23.96	28.53	22.86
GCT	16	23.57	22.09	28.81	25.54
GCT	17	23.84	21.58	31.14	23.44
GCT	18	28.90	23.48	22.21	25.41
GCT	19	25.27	28.39	20.70	25.64
GCT	20	24.31	20.91	29.58	25.19
GCT	21	29.57	22.43	24.14	23.85
GCT	22	22.96	26.04	27.09	23.92
GCT	23	24.20	29.13	21.47	25.19
GCT	24	26.34	20.24	25.54	27.88
GCT	25	25.15	24.02	26.13	24.71
GCT	26	24.15	22.94	24.88	28.02
GCT	27	25.46	24.34	24.61	25.59
GCT	28	25.83	23.83	24.49	25.85
GCT	29	25.05	25.42	24.65	24.89
GCT	30	23.79	23.03	24.26	28.92
GCT	31	25.09	23.25	22.92	28.74
GCT	32	24.32	26.21	23.57	25.91
GCT	33	23.43	24.14	25.91	26.52
GCT	34	24.21	24.94	23.84	27.01
GCT	35	25.50	24.58	25.32	24.60
GCT	36	24.37	25.71	24.35	25.57
GCT	37	23.92	23.73	24.61	27.74
GCT	38	26.24	21.76	26.53	25.47
GCT	39	24.93	24.84	25.51	24.72
GCT	40	24.96	22.96	24.67	27.41
GCT	41	24.03	23.66	27.33	24.98
GCT	42	24.22	25.96	24.94	24.89
GCT	43	23.45	27.37	25.35	23.82
GCT	44	26.62	23.96	24.03	25.39
GCT	45	25.65	25.73	21.78	26.84
GCT	46	23.77	22.96	26.35	26.92
GCT	47	24.87	24.90	25.39	24.84
GCT	48	25.20	26.03	24.63	24.15
GCT	49	26.63	24.84	24.05	24.48
GCT	50	26.84	25.13	24.72	23.31
GCT	51	24.72	24.69	23.20	27.39
# ACGT content per cycle for first fragments. Use `grep ^FBC | cut -f 2-` to extract this part. The columns are: cycle; A,C,G,T base counts as a percentage of all A/C/G/T bases [%]; and N and O counts as a percentage of all A/C/G/T bases [%]
FBC	1	70.93	3.05	2.84	23.19	0.15	0.00
FBC	2	4.68	69.30	22.11	3.92	0.00	0.00
FBC	3	39.70	9.48	8.21	42.60	0.00	0.00
FBC	4	21.22	21.46	17.19	40.13	0.00	0.00
FBC	5	13.83	27.97	42.59	15.61	0.00	0.00
FBC	6	15.91	28.92	40.93	14.24	0.00	0.00
FBC	7	16.23	29.33	39.18	15.25	0.00	0.00
FBC	8	19.04	29.27	32.98	18.72	0.00	0.00
FBC	9	25.41	23.02	29.83	21.74	0.00	0.00
FBC	10	26.12	21.92	23.05	28.90	0.00	0.00
FBC	11	24.27	25.12	23.20	27.41	0.00	0.00
FBC	12	25.40	26.57	24.37	23.67	0.00	0.00
FBC	13	25.27	23.00	27.95	23.78	0.00	0.00
FBC	14	30.15	22.85	22.17	24.84	0.00	0.00
FBC	15	24.53	24.20	28.29	22.98	0.00	0.00
FBC	16	23.84	22.12	28.77	25.27	0.00	0.00
FBC	17	23.68	21.47	31.24	23.61	0.00	0.00
FBC	18	28.62	23.56	22.13	25.69	0.00	0.00
FBC	19	25.54	28.44	20.66	25.36	0.00	0.00
FBC	20	24.65	20.99	29.51	24.85	0.00	0.00
FBC	21	29.68	22.54	24.03	23.75	0.00	0.00
FBC	22	23.33	25.64	27.49	23.54	0.00	0.00
FBC	23	24.26	29.03	21.57	25.14	0.00	0.00
FBC	24	26.45	20.82	24.96	27.77	0.00	0.00
FBC	25	25.31	23.60	26.55	24.55	0.00	0.00
FBC	26	24.37	23.19	24.64	27.81	0.00	0.00
FBC	27	25.27	23.71	25.24	25.78	0.00	0.00
FBC	28	26.10	23.22	25.10	25.58	0.00	0.00
FBC	29	25.11	25.17	24.89	24.83	0.00	0.00
FBC	30	24.01	22.68	24.61	28.70	0.00	0.00
FBC	31	25.16	23.43	22.73	28.67	0.00	0.00
FBC	32	24.37	26.43	23.35	25.86	0.00	0.00
FBC	33	23.33	24.25	25.80	26.62	0.00	0.00
FBC	34	24.26	25.09	23.69	26.96	0.00	0.00
FBC	35	25.84	24.52	25.38	24.26	0.00	0.00
FBC	36	24.59	25.48	24.58	25.34	0.00	0.00
FBC	37	24.09	23.28	25.06	27.57	0.00	0.00
FBC	38	26.46	21.70	26.59	25.25	0.00	0.00
FBC	39	24.60	24.67	25.68	25.05	0.00	0.00
FBC	40	25.60	22.43	25.20	26.78	0.00	0.00
FBC	41	24.16	23.21	27.78	24.85	0.00	0.00
FBC	42	24.24	26.34	24.55	24.87	0.00	0.00
FBC	43	23.54	27.17	25.55	23.73	0.00	0.00
FBC	44	26.48	23.54	24.45	25.53	0.00	0.00
FBC	45	25.88	25.22	22.29	26.60	0.00	0.00
FBC	46	24.03	22.83	26.48	26.65	0.00	0.00
FBC	47	24.71	25.11	25.18	25.00	0.00	0.00
FBC	48	25.48	25.86	24.80	23.87	0.00	0.00
FBC	49	27.00	24.54	24.35	24.11	0.01	0.00
FBC	50	26.83	25.15	24.69	23.33	0.01	0.00
FBC	51	25.10	24.81	23.09	27.01	0.00	0.00
# ACGT raw counters for first fragments. Use `grep ^FTC | cut -f 2-` to extract this part. The columns are: A,C,G,T,N base counters
FTC	9459463	9225961	9454310	9290656	1228
# ACGT content per cycle for last fragments. Use `grep ^LBC | cut -f 2-` to extract this part. The columns are: cycle; A,C,G,T base counts as a percentage of all A/C/G/T bases [%]; and N and O counts as a percentage of all A/C/G/T bases [%]
# ACGT raw counters for last fragments. Use `grep ^LTC | cut -f 2-` to extract this part. The columns are: A,C,G,T,N base counters
LTC	0	0	0	0	0
# Insert sizes. Use `grep ^IS | cut -f 2-` to extract this part. The columns are: insert size, pairs total, inward oriented pairs, outward oriented pairs, other pairs
# Read lengths. Use `grep ^RL | cut -f 2-` to extract this part. The columns are: read length, count
RL	15	33
RL	16	965
RL	17	817
RL	18	148
RL	19	37
RL	20	92
RL	21	26
RL	22	86
RL	23	1392
RL	24	205
RL	25	1537
RL	26	28561
RL	27	3665
RL	28	217
RL	29	280
RL	30	532
RL	31	948
RL	32	607
RL	33	481
RL	34	251
RL	35	133
RL	36	91
RL	37	100
RL	38	136
RL	39	275
RL	40	2071
RL	41	260
RL	42	424
RL	43	170
RL	44	149
RL	45	148
RL	46	515
RL	51	709624
# Read lengths - first fragments. Use `grep ^FRL | cut -f 2-` to extract this part. The columns are: read length, count
FRL	15	33
FRL	16	965
FRL	17	817
FRL	18	148
FRL	19	37
FRL	20	92
FRL	21	26
FRL	22	86
FRL	23	1392
FRL	24	205
FRL	25	1537
FRL	26	28561
FRL	27	3665
FRL	28	217
FRL	29	280
FRL	30	532
FRL	31	948
FRL	32	607
FRL	33	481
FRL	34	251
FRL	35	133
FRL	36	91
FRL	37	100
FRL	38	136
FRL	39	275
FRL	40	2071
FRL	41	260
FRL	42	424
FRL	43	170
FRL	44	149
FRL	45	148
FRL	46	515
FRL	51	709624
# Read lengths - last fragments. Use `grep ^LRL | cut -f 2-` to extract this part. The columns are: read length, count
# Mapping qualities for reads !(UNMAP|SECOND|SUPPL|QCFAIL|DUP). Use `grep ^MAPQ | cut -f 2-` to extract this part. The columns are: mapq, count
MAPQ	0	16720
MAPQ	1	9327
MAPQ	60	276309
# Indel distribution. Use `grep ^ID | cut -f 2-` to extract this part. The columns are: length, number of insertions, number of deletions
ID	1	458	1379
ID	2	127	102
ID	3	1	33
ID	4	8	74
ID	5	0	1
ID	6	21	0
ID	7	1	0
ID	9	0	1
ID	11	0	1
ID	12	0	1
ID	13	27	0
ID	22	2	0
ID	25	0	10
# Indels per cycle. Use `grep ^IC | cut -f 2-` to extract this part. The columns are: cycle, number of insertions (fwd), .. (rev) , number of deletions (fwd), .. (rev)
IC	3	0	0	41	0
IC	4	0	0	3	0
IC	5	33	0	0	0
IC	6	2	0	13	0
IC	7	1	0	0	0
IC	8	1	0	9	0
IC	9	46	0	55	0
IC	10	5	0	9	0
IC	11	4	0	142	0
IC	12	0	0	46	0
IC	13	1	0	52	0
IC	14	9	0	37	0
IC	15	8	0	9	0
IC	16	1	0	32	0
IC	17	47	0	25	0
IC	18	23	0	36	0
IC	19	17	0	18	0
IC	20	1	0	34	0
IC	21	27	0	48	0
IC	22	14	0	8	0
IC	23	8	0	57	0
IC	24	6	0	15	0
IC	25	5	0	33	0
IC	26	1	0	70	0
IC	27	6	0	48	0
IC	28	0	0	53	0
IC	29	2	0	50	0
IC	30	7	0	59	0
IC	31	92	0	26	0
IC	32	18	0	91	0
IC	33	6	0	44	0
IC	34	15	0	10	0
IC	35	11	0	38	0
IC	36	1	0	33	0
IC	37	21	0	35	0
IC	38	15	0	44	0
IC	39	15	0	18	0
IC	40	40	0	37	0
IC	41	1	0	56	0
IC	42	22	0	47	0
IC	43	52	0	53	0
IC	44	22	0	0	0
IC	45	1	0	3	0
IC	46	13	0	17	0
IC	47	0	0	1	0
IC	48	4	0	21	0
IC	49	14	0	25	0
IC	50	7	0	1	0
# Coverage distribution. Use `grep ^COV | cut -f 2-` to extract this part.
COV	[1-1]	1	349146
COV	[2-2]	2	89399
COV	[3-3]	3	54657
COV	[4-4]	4	38973
COV	[5-5]	5	32667
COV	[6-6]	6	27081
COV	[7-7]	7	24998
COV	[8-8]	8	22523
COV	[9-9]	9	22437
COV	[10-10]	10	20086
COV	[11-11]	11	19972
COV	[12-12]	12	20479
COV	[13-13]	13	19912
COV	[14-14]	14	21713
COV	[15-15]	15	21981
COV	[16-16]	16	20941
COV	[17-17]	17	21564
COV	[18-18]	18	24214
COV	[19-19]	19	23406
COV	[20-20]	20	23648
COV	[21-21]	21	24304
COV	[22-22]	22	24959
COV	[23-23]	23	23630
COV	[24-24]	24	23588
COV	[25-25]	25	22093
COV	[26-26]	26	20237
COV	[27-27]	27	19497
COV	[28-28]	28	17969
COV	[29-29]	29	15329
COV	[30-30]	30	12070
COV	[31-31]	31	12176
COV	[32-32]	32	11529
COV	[33-33]	33	10187
COV	[34-34]	34	7875
COV	[35-35]	35	6876
COV	[36-36]	36	6651
COV	[37-37]	37	5069
COV	[38-38]	38	4113
COV	[39-39]	39	4288
COV	[40-40]	40	2992
COV	[41-41]	41	1931
COV	[42-42]	42	2003
COV	[43-43]	43	1760
COV	[44-44]	44	1283
COV	[45-45]	45	1292
COV	[46-46]	46	1053
COV	[47-47]	47	986
COV	[48-48]	48	578
COV	[49-49]	49	581
COV	[50-50]	50	502
COV	[51-51]	51	327
COV	[52-52]	52	374
COV	[53-53]	53	631
COV	[54-54]	54	410
COV	[55-55]	55	138
COV	[56-56]	56	330
COV	[57-57]	57	328
COV	[58-58]	58	237
COV	[59-59]	59	161
COV	[60-60]	60	130
COV	[61-61]	61	245
COV	[62-62]	62	185
COV	[63-63]	63	252
COV	[64-64]	64	270
COV	[65-65]	65	303
COV	[66-66]	66	178
COV	[67-67]	67	351
COV	[68-68]	68	157
COV	[69-69]	69	76
COV	[70-70]	70	79
COV	[71-71]	71	206
COV	[72-72]	72	109
COV	[73-73]	73	52
COV	[74-74]	74	126
COV	[75-75]	75	203
COV	[76-76]	76	65
COV	[77-77]	77	124
COV	[78-78]	78	204
COV	[79-79]	79	84
COV	[80-80]	80	274
COV	[81-81]	81	35
COV	[82-82]	82	107
COV	[83-83]	83	32
COV	[84-84]	84	98
COV	[85-85]	85	29
COV	[86-86]	86	47
COV	[87-87]	87	35
COV	[88-88]	88	60
COV	[89-89]	89	268
COV	[90-90]	90	85
COV	[91-91]	91	10
COV	[92-92]	92	105
COV	[93-93]	93	76
COV	[94-94]	94	114
COV	[95-95]	95	60
COV	[96-96]	96	34
COV	[97-97]	97	70
COV	[98-98]	98	24
COV	[99-99]	99	82
COV	[100-100]	100	145
COV	[101-101]	101	58
COV	[102-102]	102	18
COV	[103-103]	103	60
COV	[104-104]	104	52
COV	[105-105]	105	14
COV	[106-106]	106	62
COV	[107-107]	107	19
COV	[108-108]	108	15
COV	[109-109]	109	6
COV	[110-110]	110	55
COV	[111-111]	111	32
COV	[112-112]	112	24
COV	[113-113]	113	10
COV	[114-114]	114	9
COV	[115-115]	115	100
COV	[116-116]	116	51
COV	[117-117]	117	54
COV	[118-118]	118	33
COV	[119-119]	119	7
COV	[120-120]	120	10
COV	[121-121]	121	8
COV	[122-122]	122	39
COV	[123-123]	123	46
COV	[124-124]	124	3
COV	[125-125]	125	15
COV	[126-126]	126	43
COV	[127-127]	127	14
COV	[128-128]	128	42
COV	[129-129]	129	2
COV	[130-130]	130	1
COV	[131-131]	131	1
COV	[133-133]	133	4
COV	[134-134]	134	2
COV	[135-135]	135	86
COV	[136-136]	136	2
COV	[137-137]	137	1
COV	[141-141]	141	1
COV	[142-142]	142	44
COV	[143-143]	143	1
COV	[145-145]	145	45
COV	[146-146]	146	4
COV	[147-147]	147	6
COV	[148-148]	148	1
COV	[149-149]	149	4
COV	[150-150]	150	18
COV	[151-151]	151	1
COV	[153-153]	153	1
COV	[154-154]	154	7
COV	[155-155]	155	2
COV	[158-158]	158	2
COV	[159-159]	159	1
COV	[161-161]	161	2
COV	[162-162]	162	14
COV	[163-163]	163	1
COV	[164-164]	164	4
COV	[166-166]	166	1
COV	[167-167]	167	2
COV	[168-168]	168	11
COV	[169-169]	169	41
COV	[170-170]	170	1
COV	[171-171]	171	2
COV	[172-172]	172	25
COV	[173-173]	173	4
COV	[174-174]	174	3
COV	[175-175]	175	5
COV	[176-176]	176	17
COV	[177-177]	177	3
COV	[179-179]	179	8
COV	[180-180]	180	4
COV	[181-181]	181	10
COV	[182-182]	182	1
COV	[183-183]	183	4
COV	[184-184]	184	42
COV	[185-185]	185	5
COV	[186-186]	186	1
COV	[187-187]	187	2
COV	[188-188]	188	3
COV	[191-191]	191	31
COV	[196-196]	196	1
COV	[197-197]	197	8
COV	[199-199]	199	1
COV	[201-201]	201	3
COV	[202-202]	202	2
COV	[203-203]	203	5
COV	[204-204]	204	10
COV	[205-205]	205	3
COV	[206-206]	206	6
COV	[207-207]	207	1
COV	[208-208]	208	3
COV	[209-209]	209	4
COV	[213-213]	213	1
COV	[214-214]	214	2
COV	[215-215]	215	1
COV	[216-216]	216	2
COV	[218-218]	218	2
COV	[219-219]	219	7
COV	[220-220]	220	2
COV	[221-221]	221	1
COV	[223-223]	223	2
COV	[224-224]	224	2
COV	[227-227]	227	1
COV	[230-230]	230	1
COV	[231-231]	231	1
COV	[232-232]	232	1
COV	[233-233]	233	5
COV	[234-234]	234	3
COV	[236-236]	236	1
COV	[238-238]	238	12
COV	[242-242]	242	2
COV	[248-248]	248	11
COV	[254-254]	254	1
COV	[255-255]	255	3
COV	[262-262]	262	1
COV	[268-268]	268	1
COV	[271-271]	271	31
COV	[285-285]	285	2
COV	[289-289]	289	3
COV	[325-325]	325	1
COV	[328-328]	328	2
COV	[335-335]	335	1
COV	[336-336]	336	2
COV	[339-339]	339	1
COV	[340-340]	340	1
COV	[347-347]	347	3
COV	[356-356]	356	1
COV	[357-357]	357	40
COV	[359-359]	359	1
COV	[365-365]	365	1
COV	[366-366]	366	2
COV	[371-371]	371	5
COV	[372-372]	372	1
COV	[386-386]	386	2
COV	[388-388]	388	8
COV	[394-394]	394	4
COV	[484-484]	484	2
COV	[485-485]	485	1
COV	[509-509]	509	1
COV	[530-530]	530	1
COV	[534-534]	534	1
COV	[536-536]	536	1
COV	[538-538]	538	2
COV	[542-542]	542	10
COV	[544-544]	544	13
COV	[548-548]	548	9
COV	[549-549]	549	1
COV	[550-550]	550	1
COV	[572-572]	572	1
COV	[608-608]	608	1
COV	[611-611]	611	1
COV	[612-612]	612	5
COV	[1000<]	1000	51
# GC-depth. Use `grep ^GCD | cut -f 2-` to extract this part. The columns are: GC%, unique sequence percentiles, 10th, 25th, 50th, 75th and 90th depth percentile
GCD	0.0	0.016	0.000	0.000	0.000	0.000	0.000
GCD	1.2	0.024	0.005	0.005	0.005	0.005	0.005
GCD	8.0	0.032	0.002	0.002	0.002	0.002	0.002
GCD	12.0	0.055	0.002	0.002	0.002	0.027	0.027
GCD	14.0	0.118	0.002	0.002	0.002	0.002	0.005
GCD	15.0	0.126	0.005	0.005	0.005	0.005	0.005
GCD	16.0	0.244	0.002	0.002	0.002	0.005	0.007
GCD	17.0	0.260	0.007	0.007	0.026	0.045	0.045
GCD	18.0	0.370	0.002	0.002	0.002	0.003	0.059
GCD	19.0	0.394	0.005	0.005	0.010	0.025	0.025
GCD	20.0	0.575	0.002	0.002	0.002	0.007	0.031
GCD	21.0	0.599	0.005	0.005	0.007	0.020	0.020
GCD	22.0	0.851	0.002	0.002	0.002	0.007	0.022
GCD	23.0	0.922	0.005	0.005	0.052	0.123	0.169
GCD	24.0	1.261	0.002	0.002	0.002	0.005	0.051
GCD	25.0	1.797	0.002	0.002	0.002	0.005	0.077
GCD	26.0	1.907	0.010	0.029	0.061	0.117	0.315
GCD	27.0	2.703	0.002	0.002	0.002	0.012	0.083
GCD	28.0	3.026	0.006	0.022	0.062	0.150	0.199
GCD	29.0	4.129	0.002	0.002	0.002	0.032	0.117
GCD	30.0	4.531	0.008	0.042	0.074	0.131	0.166
GCD	31.0	6.115	0.002	0.002	0.002	0.041	0.126
GCD	32.0	6.730	0.005	0.027	0.090	0.149	0.189
GCD	33.0	8.716	0.002	0.002	0.002	0.052	0.136
GCD	34.0	9.645	0.007	0.020	0.077	0.149	0.242
GCD	35.0	12.593	0.002	0.002	0.005	0.069	0.149
GCD	36.0	13.806	0.005	0.017	0.092	0.149	0.185
GCD	37.0	17.329	0.002	0.002	0.005	0.062	0.139
GCD	38.0	19.110	0.007	0.032	0.095	0.137	0.204
GCD	39.0	23.570	0.002	0.002	0.005	0.055	0.142
GCD	40.0	25.406	0.006	0.038	0.102	0.151	0.232
GCD	41.0	30.867	0.002	0.002	0.005	0.055	0.149
GCD	42.0	33.010	0.008	0.038	0.102	0.146	0.219
GCD	43.0	37.778	0.002	0.002	0.005	0.064	0.130
GCD	44.0	40.134	0.010	0.025	0.092	0.141	0.196
GCD	45.0	44.571	0.002	0.002	0.010	0.092	0.161
GCD	46.0	46.588	0.007	0.023	0.092	0.149	0.195
GCD	47.0	50.662	0.002	0.002	0.012	0.084	0.136
GCD	48.0	52.593	0.007	0.026	0.087	0.139	0.189
GCD	49.0	56.643	0.002	0.002	0.012	0.094	0.150
GCD	50.0	58.345	0.007	0.027	0.097	0.131	0.181
GCD	51.0	62.057	0.002	0.002	0.015	0.089	0.151
GCD	52.0	63.987	0.007	0.032	0.084	0.143	0.202
GCD	53.0	67.888	0.002	0.002	0.010	0.082	0.138
GCD	54.0	69.708	0.007	0.025	0.079	0.126	0.173
GCD	55.0	74.303	0.002	0.002	0.007	0.062	0.124
GCD	56.0	76.091	0.007	0.012	0.064	0.121	0.182
GCD	57.0	81.135	0.002	0.002	0.005	0.022	0.087
GCD	58.0	82.435	0.005	0.014	0.050	0.121	0.172
GCD	59.0	87.139	0.002	0.002	0.002	0.017	0.092
GCD	60.0	88.329	0.005	0.015	0.050	0.104	0.196
GCD	61.0	91.820	0.002	0.002	0.002	0.022	0.102
GCD	62.0	92.671	0.007	0.025	0.067	0.123	0.211
GCD	63.0	95.138	0.002	0.002	0.005	0.035	0.093
GCD	64.0	95.823	0.005	0.015	0.059	0.109	0.182
GCD	65.0	97.336	0.002	0.002	0.002	0.027	0.098
GCD	66.0	97.683	0.006	0.028	0.061	0.098	0.159
GCD	67.0	98.566	0.002	0.002	0.005	0.029	0.075
GCD	68.0	98.802	0.010	0.034	0.074	0.138	2.076
GCD	69.0	99.117	0.002	0.002	0.007	0.034	0.103
GCD	70.0	99.314	0.010	0.017	0.032	0.079	0.110
GCD	71.0	99.488	0.002	0.002	0.002	0.006	0.057
GCD	72.0	99.535	0.005	0.029	0.055	0.306	0.791
GCD	73.0	99.653	0.002	0.002	0.012	0.017	0.071
GCD	74.0	99.677	0.005	0.005	0.047	0.067	0.067
GCD	75.0	99.803	0.002	0.002	0.005	0.020	0.055
GCD	76.0	99.890	0.002	0.002	0.005	0.050	0.057
GCD	77.0	99.921	0.017	0.018	0.024	0.029	0.030
GCD	78.0	99.968	0.002	0.002	0.005	0.033	0.104
GCD	80.0	99.992	0.002	0.002	0.002	0.035	0.035
GCD	81.0	100.000	0.050	0.050	0.050	0.050	0.050
