1	248956422	1622772	0
10	133797422	642535	0
11	135086622	902338	0
12	133275309	762632	0
13	114364328	301297	0
14	107043718	662636	0
15	101991189	503002	0
16	90338345	737380	0
17	83257441	746358	0
18	80373285	256926	0
19	58617616	452340	0
2	242193529	1082051	0
20	64444167	284202	0
21	46709983	630885	0
22	50818468	283996	0
3	198295559	1035867	0
4	190214555	590254	0
5	181538259	834506	0
6	170805979	818175	0
7	159345973	775817	0
8	145138636	556757	0
9	138394717	652237	0
MT	16569	594232	0
X	156040895	418580	0
Y	57227415	16909	0
KI270728.1	1872759	1941	0
KI270727.1	448248	445	0
KI270442.1	392061	417	0
KI270729.1	280839	76	0
GL000225.1	211173	136	0
KI270743.1	210658	2224	0
GL000008.2	209709	2108	0
GL000009.2	201709	3043	0
KI270747.1	198735	152	0
KI270722.1	194050	427	0
GL000194.1	191469	2656	0
KI270742.1	186739	2445	0
GL000205.2	185591	612	0
GL000195.1	182896	1604	0
KI270736.1	181920	13	0
KI270733.1	179772	228586	0
GL000224.1	179693	2145	0
GL000219.1	179198	1019	0
KI270719.1	176845	1574	0
GL000216.2	176608	108	0
KI270712.1	176043	1086	0
KI270706.1	175055	3422	0
KI270725.1	172810	386	0
KI270744.1	168472	1279	0
KI270734.1	165050	664	0
GL000213.1	164239	140	0
GL000220.1	161802	239009	0
KI270715.1	161471	103	0
GL000218.1	161147	3054	0
KI270749.1	158759	222	0
KI270741.1	157432	400	0
GL000221.1	155397	1913	0
KI270716.1	153799	68	0
KI270731.1	150754	322	0
KI270751.1	150742	621	0
KI270750.1	148850	121	0
KI270519.1	138126	45	0
GL000214.1	137718	1302	0
KI270708.1	127682	416	0
KI270730.1	112551	0	0
KI270438.1	112505	29	0
KI270737.1	103838	49	0
KI270721.1	100316	596	0
KI270738.1	99375	49	0
KI270748.1	93321	294	0
KI270435.1	92983	68	0
GL000208.1	92689	113	0
KI270538.1	91309	43	0
KI270756.1	79590	1	0
KI270739.1	73985	42	0
KI270757.1	71251	54	0
KI270709.1	66860	44	0
KI270746.1	66486	221	0
KI270753.1	62944	35	0
KI270589.1	44474	12	0
KI270726.1	43739	43	0
KI270735.1	42811	31	0
KI270711.1	42210	2510	0
KI270745.1	41891	1865	0
KI270714.1	41717	68	0
KI270732.1	41543	55	0
KI270713.1	40745	8821	0
KI270754.1	40191	32	0
KI270710.1	40176	31	0
KI270717.1	40062	534	0
KI270724.1	39555	15	0
KI270720.1	39050	164	0
KI270723.1	38115	14	0
KI270718.1	38054	761	0
KI270317.1	37690	4	0
KI270740.1	37240	3	0
KI270755.1	36723	145	0
KI270707.1	32032	632	0
KI270579.1	31033	3	0
KI270752.1	27745	2	0
KI270512.1	22689	28	0
KI270322.1	21476	3	0
GL000226.1	15008	0	0
KI270311.1	12399	0	0
KI270366.1	8320	0	0
KI270511.1	8127	0	0
KI270448.1	7992	7	0
KI270521.1	7642	8	0
KI270581.1	7046	3	0
KI270582.1	6504	9	0
KI270515.1	6361	0	0
KI270588.1	6158	0	0
KI270591.1	5796	3	0
KI270522.1	5674	0	0
KI270507.1	5353	0	0
KI270590.1	4685	2	0
KI270584.1	4513	0	0
KI270320.1	4416	0	0
KI270382.1	4215	0	0
KI270468.1	4055	0	0
KI270467.1	3920	0	0
KI270362.1	3530	2	0
KI270517.1	3253	0	0
KI270593.1	3041	0	0
KI270528.1	2983	0	0
KI270587.1	2969	0	0
KI270364.1	2855	0	0
KI270371.1	2805	0	0
KI270333.1	2699	0	0
KI270374.1	2656	0	0
KI270411.1	2646	0	0
KI270414.1	2489	0	0
KI270510.1	2415	0	0
KI270390.1	2387	0	0
KI270375.1	2378	0	0
KI270420.1	2321	0	0
KI270509.1	2318	1	0
KI270315.1	2276	0	0
KI270302.1	2274	1	0
KI270518.1	2186	0	0
KI270530.1	2168	0	0
KI270304.1	2165	14	0
KI270418.1	2145	0	0
KI270424.1	2140	0	0
KI270417.1	2043	0	0
KI270508.1	1951	5	0
KI270303.1	1942	15	0
KI270381.1	1930	0	0
KI270529.1	1899	0	0
KI270425.1	1884	0	0
KI270396.1	1880	0	0
KI270363.1	1803	7	0
KI270386.1	1788	0	0
KI270465.1	1774	0	0
KI270383.1	1750	0	0
KI270384.1	1658	0	0
KI270330.1	1652	75	0
KI270372.1	1650	0	0
KI270548.1	1599	0	0
KI270580.1	1553	0	0
KI270387.1	1537	0	0
KI270391.1	1484	0	0
KI270305.1	1472	0	0
KI270373.1	1451	5	0
KI270422.1	1445	0	0
KI270316.1	1444	0	0
KI270340.1	1428	0	0
KI270338.1	1428	0	0
KI270583.1	1400	0	0
KI270334.1	1368	0	0
KI270429.1	1361	0	0
KI270393.1	1308	0	0
KI270516.1	1300	0	0
KI270389.1	1298	0	0
KI270466.1	1233	0	0
KI270388.1	1216	0	0
KI270544.1	1202	0	0
KI270310.1	1201	12	0
KI270412.1	1179	0	0
KI270395.1	1143	0	0
KI270376.1	1136	0	0
KI270337.1	1121	0	0
KI270335.1	1048	0	0
KI270378.1	1048	0	0
KI270379.1	1045	5	0
KI270329.1	1040	0	0
KI270419.1	1029	0	0
KI270336.1	1026	0	0
KI270312.1	998	1	0
KI270539.1	993	7	0
KI270385.1	990	0	0
KI270423.1	981	0	0
KI270392.1	971	0	0
KI270394.1	970	0	0
*	0	0	1931723
