# This file was produced by samtools stats (1.22.1+htslib-1.22.1) and can be plotted using plot-bamstats
# This file contains statistics for all reads.
# The command line was:  stats ../../02_data/genome-alignment/SRR10983645.trim.sorted.bam
# CHK, Checksum	[2]Read Names	[3]Sequences	[4]Qualities
# CHK, CRC32 of reads which passed filtering followed by addition (32bit overflow)
CHK	72b7f982	03e1260f	45c24d60
# Summary Numbers. Use `grep ^SN | cut -f 2-` to extract this part.
SN	raw total sequences:	1890084	# excluding supplementary and secondary reads
SN	filtered sequences:	0
SN	sequences:	1890084
SN	is sorted:	1	# sorted by coordinate
SN	1st fragments:	1890084
SN	last fragments:	0
SN	reads mapped:	32321
SN	reads mapped and paired:	0	# paired-end technology bit set + both mates mapped
SN	reads unmapped:	1857763
SN	reads properly paired:	0	# proper-pair bit set
SN	reads paired:	0	# paired-end technology bit set
SN	reads duplicated:	0	# PCR or optical duplicate bit set
SN	reads MQ0:	2580	# mapped and MQ=0
SN	reads QC failed:	0
SN	non-primary alignments:	20425
SN	supplementary alignments:	0
SN	total length:	93309352	# ignores clipping
SN	total first fragment length:	93309352	# ignores clipping
SN	total last fragment length:	0	# ignores clipping
SN	bases mapped:	1647792	# ignores clipping
SN	bases mapped (cigar):	1527403	# more accurate
SN	bases trimmed:	0
SN	bases duplicated:	0
SN	mismatches:	5073	# from NM fields
SN	error rate:	3.321324e-03	# mismatches / bases mapped (cigar)
SN	average length:	49
SN	average first fragment length:	49
SN	average last fragment length:	0
SN	maximum length:	51
SN	maximum first fragment length:	51
SN	maximum last fragment length:	0
SN	average quality:	34.7
SN	insert size average:	0.0
SN	insert size standard deviation:	0.0
SN	inward oriented pairs:	0
SN	outward oriented pairs:	0
SN	pairs with other orientation:	0
SN	pairs on different chromosomes:	0
SN	percentage of properly paired reads (%):	0.0
# First Fragment Qualities. Use `grep ^FFQ | cut -f 2-` to extract this part.
# Columns correspond to qualities and rows to cycles. First column is the cycle number.
FFQ	1	0	0	2761	0	0	0	0	0	0	0	0	0	0	0	11386	0	0	0	0	0	0	0	0	0	0	0	0	732007	0	0	0	0	0	1143930	0	0	0	0	0
FFQ	2	0	0	0	0	0	0	0	0	0	0	0	0	0	0	11051	0	0	0	0	0	0	0	0	0	0	0	0	328858	0	0	0	0	0	1550175	0	0	0	0	0
FFQ	3	0	0	0	0	0	0	0	0	0	0	0	0	0	0	277435	0	0	0	0	0	0	0	0	0	0	0	0	380160	0	0	0	0	0	1232489	0	0	0	0	0
FFQ	4	0	0	0	0	0	0	0	0	0	0	0	0	0	0	322983	0	0	0	0	0	0	0	0	0	0	0	0	535822	0	0	0	0	0	1031279	0	0	0	0	0
FFQ	5	0	0	0	0	0	0	0	0	0	0	0	0	0	0	339179	0	0	0	0	0	0	0	0	0	0	0	0	559751	0	0	0	0	0	991154	0	0	0	0	0
FFQ	6	0	0	0	0	0	0	0	0	0	0	0	0	0	0	282674	0	0	0	0	0	0	0	1	0	0	0	0	249213	0	0	0	0	0	405560	0	0	0	952636	0
FFQ	7	0	0	0	0	0	0	0	0	0	0	0	0	0	0	269035	0	0	0	0	0	0	0	20	0	0	0	0	224289	0	0	0	0	0	306687	0	0	0	1090053	0
FFQ	8	0	0	0	0	0	0	0	0	0	0	0	0	0	0	96430	0	0	0	0	0	0	0	63	0	0	0	0	192113	0	0	0	0	0	324878	0	0	0	1276600	0
FFQ	9	0	0	0	0	0	0	0	0	0	0	0	0	0	0	85232	0	0	0	0	0	0	0	258	0	0	0	0	161932	0	0	0	0	0	206831	0	0	0	1435831	0
FFQ	10	0	0	0	0	0	0	0	0	0	0	0	0	0	0	79674	0	0	0	0	0	0	0	1077	0	0	0	0	111293	0	0	0	0	0	161158	0	0	0	1536882	0
FFQ	11	0	0	0	0	0	0	0	0	0	0	0	0	0	0	66378	0	0	0	0	0	0	0	2107	0	0	0	0	94973	0	0	0	0	0	126371	0	0	0	1600255	0
FFQ	12	0	0	0	0	0	0	0	0	0	0	0	0	0	0	62057	0	0	0	0	0	0	0	2743	0	0	0	0	80612	0	0	0	0	0	113781	0	0	0	1630891	0
FFQ	13	0	0	0	0	0	0	0	0	0	0	0	0	0	0	58769	0	0	0	0	0	0	0	3024	0	0	0	0	72755	0	0	0	0	0	106183	0	0	0	1649353	0
FFQ	14	0	0	0	0	0	0	0	0	0	0	0	0	0	0	60131	0	0	0	0	0	0	0	4311	0	0	0	0	70882	0	0	0	0	0	104561	0	0	0	1650199	0
FFQ	15	0	0	0	0	0	0	0	0	0	0	0	0	0	0	58417	0	0	0	0	0	0	0	4349	0	0	0	0	67528	0	0	0	0	0	101421	0	0	0	1658369	0
FFQ	16	0	0	11	0	0	0	0	0	0	0	0	0	0	0	56953	0	0	0	0	0	0	0	4676	0	0	0	0	67164	0	0	0	0	0	99887	0	0	0	1661237	0
FFQ	17	0	0	0	0	0	0	0	0	0	0	0	0	0	0	56153	0	0	0	0	0	0	0	5215	0	0	0	0	66752	0	0	0	0	0	98268	0	0	0	1661094	0
FFQ	18	0	0	0	0	0	0	0	0	0	0	0	0	0	0	60680	0	0	0	0	0	0	0	6016	0	0	0	0	67648	0	0	0	0	0	99209	0	0	0	1651769	0
FFQ	19	0	0	0	0	0	0	0	0	0	0	0	0	0	0	55420	0	0	0	0	0	0	0	5217	0	0	0	0	65562	0	0	0	0	0	94519	0	0	0	1664180	0
FFQ	20	0	0	0	0	0	0	0	0	0	0	0	0	0	0	53621	0	0	0	0	0	0	0	6328	0	0	0	0	61837	0	0	0	0	0	93955	0	0	0	1669082	0
FFQ	21	0	0	0	0	0	0	0	0	0	0	0	0	0	0	58316	0	0	0	0	0	0	0	6150	0	0	0	0	64467	0	0	0	0	0	98342	0	0	0	1657094	0
FFQ	22	0	0	0	0	0	0	0	0	0	0	0	0	0	0	56048	0	0	0	0	0	0	0	6239	0	0	0	0	63379	0	0	0	0	0	95625	0	0	0	1662961	0
FFQ	23	0	0	0	0	0	0	0	0	0	0	0	0	0	0	55549	0	0	0	0	0	0	0	5736	0	0	0	0	62773	0	0	0	0	0	94030	0	0	0	1665838	0
FFQ	24	0	0	0	0	0	0	0	0	0	0	0	0	0	0	55506	0	0	0	0	0	0	0	6658	0	0	0	0	61973	0	0	0	0	0	96634	0	0	0	1655798	0
FFQ	25	0	0	0	0	0	0	0	0	0	0	0	0	0	0	57194	0	0	0	0	0	0	0	6358	0	0	0	0	63607	0	0	0	0	0	95734	0	0	0	1653171	0
FFQ	26	0	0	0	0	0	0	0	0	0	0	0	0	0	0	58999	0	0	0	0	0	0	0	6257	0	0	0	0	61629	0	0	0	0	0	93213	0	0	0	1651815	0
FFQ	27	0	0	0	0	0	0	0	0	0	0	0	0	0	0	62144	0	0	0	0	0	0	0	6994	0	0	0	0	63217	0	0	0	0	0	91193	0	0	0	1569480	0
FFQ	28	0	0	0	0	0	0	0	0	0	0	0	0	0	0	60763	0	0	0	0	0	0	0	6220	0	0	0	0	63683	0	0	0	0	0	89144	0	0	0	1562585	0
FFQ	29	0	0	0	0	0	0	0	0	0	0	0	0	0	0	60730	0	0	0	0	0	0	0	6446	0	0	0	0	63040	0	0	0	0	0	89355	0	0	0	1562195	0
FFQ	30	0	0	0	0	0	0	0	0	0	0	0	0	0	0	58407	0	0	0	0	0	0	0	6277	0	0	0	0	61014	0	0	0	0	0	87370	0	0	0	1567878	0
FFQ	31	0	0	0	0	0	0	0	0	0	0	0	0	0	0	61105	0	0	0	0	0	0	0	5598	0	0	0	0	62128	0	0	0	0	0	88363	0	0	0	1562171	0
FFQ	32	0	0	0	0	0	0	0	0	0	0	0	0	0	0	61161	0	0	0	0	0	0	0	5497	0	0	0	0	61883	0	0	0	0	0	88557	0	0	0	1559486	0
FFQ	33	0	0	0	0	0	0	0	0	0	0	0	0	0	0	61121	0	0	0	0	0	0	0	5640	0	0	0	0	61930	0	0	0	0	0	86034	0	0	0	1560668	0
FFQ	34	0	0	0	0	0	0	0	0	0	0	0	0	0	0	61965	0	0	0	0	0	0	0	5626	0	0	0	0	62598	0	0	0	0	0	86356	0	0	0	1556931	0
FFQ	35	0	0	0	0	0	0	0	0	0	0	0	0	0	0	62948	0	0	0	0	0	0	0	5972	0	0	0	0	63192	0	0	0	0	0	87974	0	0	0	1552509	0
FFQ	36	0	0	0	0	0	0	0	0	0	0	0	0	0	0	61752	0	0	0	0	0	0	0	6105	0	0	0	0	63840	0	0	0	0	0	88111	0	0	0	1552549	0
FFQ	37	0	0	0	0	0	0	0	0	0	0	0	0	0	0	63132	0	0	0	0	0	0	0	6263	0	0	0	0	63971	0	0	0	0	0	88840	0	0	0	1549771	0
FFQ	38	0	0	0	0	0	0	0	0	0	0	0	0	0	0	65686	0	0	0	0	0	0	0	6452	0	0	0	0	63856	0	0	0	0	0	88863	0	0	0	1546654	0
FFQ	39	0	0	0	0	0	0	0	0	0	0	0	0	0	0	64295	0	0	0	0	0	0	0	6340	0	0	0	0	63090	0	0	0	0	0	87965	0	0	0	1549363	0
FFQ	40	0	0	0	0	0	0	0	0	0	0	0	0	0	0	65200	0	0	0	0	0	0	0	6052	0	0	0	0	64408	0	0	0	0	0	87750	0	0	0	1546474	0
FFQ	41	0	0	0	0	0	0	0	0	0	0	0	0	0	0	67836	0	0	0	0	0	0	0	6687	0	0	0	0	64130	0	0	0	0	0	87778	0	0	0	1538467	0
FFQ	42	0	0	0	0	0	0	0	0	0	0	0	0	0	0	65620	0	0	0	0	0	0	0	5935	0	0	0	0	63580	0	0	0	0	0	86968	0	0	0	1542357	0
FFQ	43	0	0	0	0	0	0	0	0	0	0	0	0	0	0	66490	0	0	0	0	0	0	0	6076	0	0	0	0	64051	0	0	0	0	0	86631	0	0	0	1538987	0
FFQ	44	0	0	0	0	0	0	0	0	0	0	0	0	0	0	72217	0	0	0	0	0	0	0	6969	0	0	0	0	68275	0	0	0	0	0	91518	0	0	0	1522754	0
FFQ	45	0	0	0	0	0	0	0	0	0	0	0	0	0	0	68502	0	0	0	0	0	0	0	6679	0	0	0	0	68666	0	0	0	0	0	90755	0	0	0	1526948	0
FFQ	46	0	0	0	0	0	0	0	0	0	0	0	0	0	0	66298	0	0	0	0	0	0	0	7223	0	0	0	0	66234	0	0	0	0	0	90022	0	0	0	1531178	0
FFQ	47	0	0	0	0	0	0	0	0	0	0	0	0	0	0	70204	0	0	0	0	0	0	0	6654	0	0	0	0	67725	0	0	0	0	0	91655	0	0	0	1523839	0
FFQ	48	0	0	0	0	0	0	0	0	0	0	0	0	0	0	68333	0	0	0	0	0	0	0	6470	0	0	0	0	66454	0	0	0	0	0	88997	0	0	0	1529823	0
FFQ	49	0	0	0	0	0	0	0	0	0	0	0	0	0	0	74207	0	0	0	0	0	0	0	6049	0	0	0	0	67487	0	0	0	0	0	90255	0	0	0	1522079	0
FFQ	50	0	0	0	0	0	0	0	0	0	0	0	0	0	0	70993	0	0	0	0	0	0	0	6509	0	0	0	0	69099	0	0	0	0	0	89734	0	0	0	1523742	0
FFQ	51	0	0	0	0	0	0	0	0	0	0	0	0	0	0	91452	0	0	0	0	0	0	0	7900	0	0	0	0	89114	0	0	0	0	0	123402	0	0	0	1448209	0
# Last Fragment Qualities. Use `grep ^LFQ | cut -f 2-` to extract this part.
# Columns correspond to qualities and rows to cycles. First column is the cycle number.
# GC Content of first fragments. Use `grep ^GCF | cut -f 2-` to extract this part.
GCF	0.75	0
GCF	2.51	11
GCF	4.52	13
GCF	6.53	19
GCF	8.54	15
GCF	10.55	24
GCF	12.31	36
GCF	13.32	37
GCF	14.57	68
GCF	16.58	230
GCF	18.09	163
GCF	19.10	164
GCF	20.35	386
GCF	21.61	685
GCF	22.61	686
GCF	23.37	820
GCF	24.12	821
GCF	24.87	830
GCF	25.38	1445
GCF	26.38	1446
GCF	27.39	2047
GCF	27.89	2057
GCF	28.39	2056
GCF	28.89	2057
GCF	29.65	3548
GCF	30.40	3549
GCF	30.90	3550
GCF	31.41	5138
GCF	31.91	5139
GCF	32.66	5142
GCF	33.42	8019
GCF	33.92	8021
GCF	34.42	8044
GCF	34.92	8075
GCF	35.43	11254
GCF	35.93	11313
GCF	36.43	11322
GCF	36.93	11362
GCF	37.44	16726
GCF	37.94	16731
GCF	38.44	17015
GCF	38.94	17513
GCF	39.45	28765
GCF	39.95	29043
GCF	40.45	29054
GCF	40.95	41560
GCF	41.46	41609
GCF	41.96	41722
GCF	42.46	43943
GCF	42.96	67622
GCF	43.47	69479
GCF	43.97	70348
GCF	44.47	71009
GCF	44.97	98326
GCF	45.48	98646
GCF	45.98	103791
GCF	46.48	104070
GCF	46.98	125846
GCF	47.49	126236
GCF	47.99	128974
GCF	48.49	129672
GCF	49.25	200807
GCF	50.25	209138
GCF	51.01	269039
GCF	51.51	269014
GCF	52.01	266479
GCF	52.51	266560
GCF	53.02	262319
GCF	53.52	261984
GCF	54.02	266646
GCF	54.52	267046
GCF	55.03	271515
GCF	55.53	271624
GCF	56.03	271215
GCF	56.53	270746
GCF	57.04	201361
GCF	57.54	198712
GCF	58.04	198459
GCF	58.54	198392
GCF	59.05	151666
GCF	59.55	151561
GCF	60.05	151290
GCF	60.55	98800
GCF	61.06	98470
GCF	61.56	91955
GCF	62.06	92208
GCF	62.56	52857
GCF	63.07	52119
GCF	63.57	52017
GCF	64.07	51542
GCF	64.57	37554
GCF	65.08	37412
GCF	65.58	31653
GCF	66.08	31631
GCF	66.83	21726
GCF	67.59	21640
GCF	68.09	21455
GCF	68.59	14268
GCF	69.10	10723
GCF	69.60	10755
GCF	70.10	10694
GCF	70.60	6756
GCF	71.11	6728
GCF	71.61	6754
GCF	72.11	6567
GCF	72.61	5235
GCF	73.12	3967
GCF	73.62	3963
GCF	74.12	3783
GCF	74.62	2099
GCF	75.13	2021
GCF	75.63	2018
GCF	76.13	2002
GCF	76.63	1551
GCF	77.14	1260
GCF	77.64	1222
GCF	78.14	1218
GCF	78.64	659
GCF	79.40	651
GCF	80.15	328
GCF	80.65	282
GCF	81.16	241
GCF	81.66	243
GCF	82.41	149
GCF	83.17	148
GCF	83.67	147
GCF	84.17	82
GCF	84.67	76
GCF	85.18	74
GCF	85.68	72
GCF	86.93	18
GCF	88.19	4
GCF	89.20	3
GCF	90.95	2
GCF	92.96	0
GCF	94.97	3
GCF	96.98	0
GCF	98.99	3
# GC Content of last fragments. Use `grep ^GCL | cut -f 2-` to extract this part.
# ACGT content per cycle. Use `grep ^GCC | cut -f 2-` to extract this part. The columns are: cycle; A,C,G,T base counts as a percentage of all A/C/G/T bases [%]; and N and O counts as a percentage of all A/C/G/T bases [%]
GCC	1	92.12	2.25	1.94	3.68	0.15	0.00
GCC	2	3.15	91.34	2.58	2.93	0.00	0.00
GCC	3	35.20	12.16	7.27	45.38	0.00	0.00
GCC	4	12.94	23.95	16.94	46.17	0.00	0.00
GCC	5	12.44	21.95	47.81	17.80	0.00	0.00
GCC	6	16.54	25.84	42.90	14.72	0.00	0.00
GCC	7	16.18	28.02	40.74	15.06	0.00	0.00
GCC	8	19.10	28.62	34.32	17.96	0.00	0.00
GCC	9	25.67	19.81	33.93	20.59	0.00	0.00
GCC	10	25.30	20.33	26.48	27.89	0.00	0.00
GCC	11	21.30	27.16	23.82	27.72	0.00	0.00
GCC	12	25.57	26.74	26.74	20.96	0.00	0.00
GCC	13	24.49	23.18	30.23	22.10	0.00	0.00
GCC	14	29.16	23.87	22.80	24.17	0.00	0.00
GCC	15	22.08	27.99	30.55	19.38	0.00	0.00
GCC	16	22.52	22.38	32.27	22.84	0.00	0.00
GCC	17	23.59	20.65	33.72	22.04	0.00	0.00
GCC	18	26.60	26.60	21.56	25.24	0.00	0.00
GCC	19	23.33	31.19	20.46	25.02	0.00	0.00
GCC	20	24.27	20.38	30.39	24.96	0.00	0.00
GCC	21	28.98	22.85	27.15	21.02	0.00	0.00
GCC	22	22.45	28.32	27.84	21.39	0.00	0.00
GCC	23	22.79	31.36	22.53	23.32	0.00	0.00
GCC	24	25.35	20.29	29.12	25.24	0.00	0.00
GCC	25	24.24	25.38	28.26	22.13	0.00	0.00
GCC	26	21.69	23.75	27.95	26.60	0.00	0.00
GCC	27	23.80	24.76	26.81	24.63	0.00	0.00
GCC	28	23.72	23.21	27.60	25.47	0.00	0.00
GCC	29	25.98	26.53	25.28	22.20	0.00	0.00
GCC	30	21.56	23.17	28.31	26.96	0.00	0.00
GCC	31	22.61	25.02	22.27	30.10	0.00	0.00
GCC	32	22.12	28.76	23.91	25.22	0.00	0.00
GCC	33	21.87	23.43	28.10	26.60	0.00	0.00
GCC	34	21.16	26.70	25.93	26.21	0.00	0.00
GCC	35	25.66	25.04	28.48	20.82	0.00	0.00
GCC	36	22.22	29.03	25.75	22.99	0.00	0.00
GCC	37	21.79	24.02	26.39	27.80	0.00	0.00
GCC	38	26.44	21.20	30.10	22.25	0.00	0.00
GCC	39	22.76	28.32	27.70	21.23	0.00	0.00
GCC	40	24.46	22.24	25.96	27.34	0.00	0.00
GCC	41	24.61	24.05	28.47	22.86	0.00	0.00
GCC	42	23.38	28.46	26.63	21.53	0.00	0.00
GCC	43	20.89	30.78	29.00	19.34	0.00	0.00
GCC	44	26.64	22.49	26.13	24.74	0.00	0.00
GCC	45	24.66	27.04	20.73	27.56	0.00	0.00
GCC	46	20.85	22.82	31.10	25.22	0.00	0.00
GCC	47	24.00	26.02	25.87	24.11	0.00	0.00
GCC	48	22.97	29.68	25.79	21.57	0.00	0.00
GCC	49	29.86	25.90	23.12	21.12	0.00	0.00
GCC	50	28.09	27.15	25.69	19.06	0.00	0.00
GCC	51	24.48	25.45	23.75	26.32	0.00	0.00
# ACGT content per cycle, read oriented. Use `grep ^GCT | cut -f 2-` to extract this part. The columns are: cycle; A,C,G,T base counts as a percentage of all A/C/G/T bases [%]
GCT	1	92.83	2.25	1.94	2.98
GCT	2	3.15	92.06	1.86	2.93
GCT	3	35.10	12.19	7.24	45.48
GCT	4	12.67	23.96	16.92	46.45
GCT	5	12.36	21.69	48.07	17.88
GCT	6	16.59	25.61	43.13	14.68
GCT	7	16.18	27.84	40.93	15.05
GCT	8	19.05	28.64	34.30	18.01
GCT	9	25.66	19.83	33.91	20.60
GCT	10	25.34	20.27	26.53	27.85
GCT	11	21.33	27.10	23.88	27.69
GCT	12	25.53	26.73	26.75	21.00
GCT	13	24.45	23.19	30.22	22.13
GCT	14	29.10	23.91	22.76	24.23
GCT	15	22.12	27.98	30.56	19.34
GCT	16	22.50	22.34	32.30	22.85
GCT	17	23.60	20.62	33.75	22.03
GCT	18	26.66	26.60	21.57	25.18
GCT	19	23.35	31.16	20.49	25.01
GCT	20	24.21	20.42	30.35	25.02
GCT	21	29.00	22.87	27.13	21.00
GCT	22	22.44	28.32	27.83	21.40
GCT	23	22.78	31.39	22.50	23.33
GCT	24	25.33	20.28	29.14	25.26
GCT	25	24.28	25.44	28.20	22.09
GCT	26	21.74	23.78	27.93	26.56
GCT	27	23.77	24.72	26.85	24.66
GCT	28	23.73	23.22	27.59	25.45
GCT	29	25.95	26.54	25.27	22.23
GCT	30	21.57	23.17	28.31	26.95
GCT	31	22.65	25.04	22.25	30.06
GCT	32	22.08	28.73	23.93	25.25
GCT	33	21.92	23.43	28.10	26.55
GCT	34	21.14	26.73	25.90	26.23
GCT	35	25.64	25.08	28.43	20.85
GCT	36	22.25	29.08	25.71	22.97
GCT	37	21.77	24.02	26.39	27.82
GCT	38	26.47	21.17	30.13	22.22
GCT	39	22.77	28.33	27.69	21.22
GCT	40	24.48	22.28	25.92	27.32
GCT	41	24.70	24.08	28.45	22.78
GCT	42	23.36	28.45	26.64	21.55
GCT	43	20.94	30.82	28.95	19.29
GCT	44	26.68	22.49	26.13	24.70
GCT	45	24.68	27.01	20.77	27.54
GCT	46	20.90	22.85	31.07	25.17
GCT	47	24.01	26.11	25.78	24.10
GCT	48	22.99	29.67	25.80	21.54
GCT	49	29.88	25.85	23.18	21.09
GCT	50	28.05	27.17	25.68	19.10
GCT	51	24.46	25.48	23.73	26.34
# ACGT content per cycle for first fragments. Use `grep ^FBC | cut -f 2-` to extract this part. The columns are: cycle; A,C,G,T base counts as a percentage of all A/C/G/T bases [%]; and N and O counts as a percentage of all A/C/G/T bases [%]
FBC	1	92.12	2.25	1.94	3.68	0.15	0.00
FBC	2	3.15	91.34	2.58	2.93	0.00	0.00
FBC	3	35.20	12.16	7.27	45.38	0.00	0.00
FBC	4	12.94	23.95	16.94	46.17	0.00	0.00
FBC	5	12.44	21.95	47.81	17.80	0.00	0.00
FBC	6	16.54	25.84	42.90	14.72	0.00	0.00
FBC	7	16.18	28.02	40.74	15.06	0.00	0.00
FBC	8	19.10	28.62	34.32	17.96	0.00	0.00
FBC	9	25.67	19.81	33.93	20.59	0.00	0.00
FBC	10	25.30	20.33	26.48	27.89	0.00	0.00
FBC	11	21.30	27.16	23.82	27.72	0.00	0.00
FBC	12	25.57	26.74	26.74	20.96	0.00	0.00
FBC	13	24.49	23.18	30.23	22.10	0.00	0.00
FBC	14	29.16	23.87	22.80	24.17	0.00	0.00
FBC	15	22.08	27.99	30.55	19.38	0.00	0.00
FBC	16	22.52	22.38	32.27	22.84	0.00	0.00
FBC	17	23.59	20.65	33.72	22.04	0.00	0.00
FBC	18	26.60	26.60	21.56	25.24	0.00	0.00
FBC	19	23.33	31.19	20.46	25.02	0.00	0.00
FBC	20	24.27	20.38	30.39	24.96	0.00	0.00
FBC	21	28.98	22.85	27.15	21.02	0.00	0.00
FBC	22	22.45	28.32	27.84	21.39	0.00	0.00
FBC	23	22.79	31.36	22.53	23.32	0.00	0.00
FBC	24	25.35	20.29	29.12	25.24	0.00	0.00
FBC	25	24.24	25.38	28.26	22.13	0.00	0.00
FBC	26	21.69	23.75	27.95	26.60	0.00	0.00
FBC	27	23.80	24.76	26.81	24.63	0.00	0.00
FBC	28	23.72	23.21	27.60	25.47	0.00	0.00
FBC	29	25.98	26.53	25.28	22.20	0.00	0.00
FBC	30	21.56	23.17	28.31	26.96	0.00	0.00
FBC	31	22.61	25.02	22.27	30.10	0.00	0.00
FBC	32	22.12	28.76	23.91	25.22	0.00	0.00
FBC	33	21.87	23.43	28.10	26.60	0.00	0.00
FBC	34	21.16	26.70	25.93	26.21	0.00	0.00
FBC	35	25.66	25.04	28.48	20.82	0.00	0.00
FBC	36	22.22	29.03	25.75	22.99	0.00	0.00
FBC	37	21.79	24.02	26.39	27.80	0.00	0.00
FBC	38	26.44	21.20	30.10	22.25	0.00	0.00
FBC	39	22.76	28.32	27.70	21.23	0.00	0.00
FBC	40	24.46	22.24	25.96	27.34	0.00	0.00
FBC	41	24.61	24.05	28.47	22.86	0.00	0.00
FBC	42	23.38	28.46	26.63	21.53	0.00	0.00
FBC	43	20.89	30.78	29.00	19.34	0.00	0.00
FBC	44	26.64	22.49	26.13	24.74	0.00	0.00
FBC	45	24.66	27.04	20.73	27.56	0.00	0.00
FBC	46	20.85	22.82	31.10	25.22	0.00	0.00
FBC	47	24.00	26.02	25.87	24.11	0.00	0.00
FBC	48	22.97	29.68	25.79	21.57	0.00	0.00
FBC	49	29.86	25.90	23.12	21.12	0.00	0.00
FBC	50	28.09	27.15	25.69	19.06	0.00	0.00
FBC	51	24.48	25.45	23.75	26.32	0.00	0.00
# ACGT raw counters for first fragments. Use `grep ^FTC | cut -f 2-` to extract this part. The columns are: A,C,G,T,N base counters
FTC	22765469	24113038	24686950	21741123	2772
# ACGT content per cycle for last fragments. Use `grep ^LBC | cut -f 2-` to extract this part. The columns are: cycle; A,C,G,T base counts as a percentage of all A/C/G/T bases [%]; and N and O counts as a percentage of all A/C/G/T bases [%]
# ACGT raw counters for last fragments. Use `grep ^LTC | cut -f 2-` to extract this part. The columns are: A,C,G,T,N base counters
LTC	0	0	0	0	0
# Insert sizes. Use `grep ^IS | cut -f 2-` to extract this part. The columns are: insert size, pairs total, inward oriented pairs, outward oriented pairs, other pairs
# Read lengths. Use `grep ^RL | cut -f 2-` to extract this part. The columns are: read length, count
RL	15	156
RL	16	2446
RL	17	2160
RL	18	424
RL	19	75
RL	20	454
RL	21	117
RL	22	326
RL	23	7357
RL	24	505
RL	25	4151
RL	26	78885
RL	27	10633
RL	28	629
RL	29	820
RL	30	1581
RL	31	2781
RL	32	1191
RL	33	1917
RL	34	881
RL	35	238
RL	36	380
RL	37	466
RL	38	458
RL	39	1169
RL	40	4986
RL	41	438
RL	42	2225
RL	43	502
RL	44	183
RL	45	595
RL	46	878
RL	51	1760077
# Read lengths - first fragments. Use `grep ^FRL | cut -f 2-` to extract this part. The columns are: read length, count
FRL	15	156
FRL	16	2446
FRL	17	2160
FRL	18	424
FRL	19	75
FRL	20	454
FRL	21	117
FRL	22	326
FRL	23	7357
FRL	24	505
FRL	25	4151
FRL	26	78885
FRL	27	10633
FRL	28	629
FRL	29	820
FRL	30	1581
FRL	31	2781
FRL	32	1191
FRL	33	1917
FRL	34	881
FRL	35	238
FRL	36	380
FRL	37	466
FRL	38	458
FRL	39	1169
FRL	40	4986
FRL	41	438
FRL	42	2225
FRL	43	502
FRL	44	183
FRL	45	595
FRL	46	878
FRL	51	1760077
# Read lengths - last fragments. Use `grep ^LRL | cut -f 2-` to extract this part. The columns are: read length, count
# Mapping qualities for reads !(UNMAP|SECOND|SUPPL|QCFAIL|DUP). Use `grep ^MAPQ | cut -f 2-` to extract this part. The columns are: mapq, count
MAPQ	0	2580
MAPQ	1	1361
MAPQ	60	28380
# Indel distribution. Use `grep ^ID | cut -f 2-` to extract this part. The columns are: length, number of insertions, number of deletions
ID	1	54	51
ID	2	7	2
ID	3	0	1
ID	4	2	2
ID	5	0	3
ID	13	0	1
# Indels per cycle. Use `grep ^IC | cut -f 2-` to extract this part. The columns are: cycle, number of insertions (fwd), .. (rev) , number of deletions (fwd), .. (rev)
IC	5	1	0	1	0
IC	12	0	0	4	0
IC	13	1	0	2	0
IC	14	0	0	1	0
IC	15	1	0	0	0
IC	17	0	0	1	0
IC	19	0	0	3	0
IC	20	4	0	1	0
IC	21	0	0	1	0
IC	23	32	0	3	0
IC	25	1	0	0	0
IC	26	4	0	2	0
IC	27	0	0	2	0
IC	28	1	0	0	0
IC	29	0	0	1	0
IC	30	0	0	1	0
IC	31	0	0	1	0
IC	32	1	0	12	0
IC	33	2	0	16	0
IC	34	3	0	0	0
IC	36	1	0	0	0
IC	37	9	0	0	0
IC	39	0	0	1	0
IC	40	1	0	0	0
IC	41	0	0	2	0
IC	44	0	0	1	0
IC	45	1	0	1	0
IC	48	0	0	3	0
# Coverage distribution. Use `grep ^COV | cut -f 2-` to extract this part.
COV	[1-1]	1	265364
COV	[2-2]	2	45270
COV	[3-3]	3	13380
COV	[4-4]	4	4703
COV	[5-5]	5	2355
COV	[6-6]	6	876
COV	[7-7]	7	1204
COV	[8-8]	8	718
COV	[9-9]	9	755
COV	[10-10]	10	642
COV	[11-11]	11	873
COV	[12-12]	12	690
COV	[13-13]	13	322
COV	[14-14]	14	341
COV	[15-15]	15	259
COV	[16-16]	16	397
COV	[17-17]	17	429
COV	[18-18]	18	202
COV	[19-19]	19	238
COV	[20-20]	20	272
COV	[21-21]	21	326
COV	[22-22]	22	116
COV	[23-23]	23	370
COV	[24-24]	24	197
COV	[25-25]	25	246
COV	[26-26]	26	296
COV	[27-27]	27	164
COV	[28-28]	28	184
COV	[29-29]	29	185
COV	[30-30]	30	105
COV	[31-31]	31	108
COV	[32-32]	32	206
COV	[33-33]	33	112
COV	[34-34]	34	148
COV	[35-35]	35	184
COV	[36-36]	36	61
COV	[37-37]	37	92
COV	[38-38]	38	220
COV	[39-39]	39	192
COV	[40-40]	40	60
COV	[41-41]	41	205
COV	[42-42]	42	241
COV	[43-43]	43	262
COV	[44-44]	44	271
COV	[45-45]	45	10
COV	[46-46]	46	118
COV	[47-47]	47	236
COV	[48-48]	48	239
COV	[49-49]	49	149
COV	[50-50]	50	149
COV	[51-51]	51	131
COV	[52-52]	52	20
COV	[53-53]	53	55
COV	[54-54]	54	142
COV	[55-55]	55	57
COV	[56-56]	56	97
COV	[57-57]	57	102
COV	[58-58]	58	57
COV	[59-59]	59	81
COV	[60-60]	60	143
COV	[61-61]	61	61
COV	[62-62]	62	140
COV	[63-63]	63	210
COV	[64-64]	64	93
COV	[65-65]	65	71
COV	[66-66]	66	137
COV	[67-67]	67	133
COV	[68-68]	68	164
COV	[69-69]	69	121
COV	[70-70]	70	155
COV	[71-71]	71	175
COV	[72-72]	72	95
COV	[73-73]	73	324
COV	[74-74]	74	326
COV	[75-75]	75	110
COV	[76-76]	76	139
COV	[77-77]	77	315
COV	[78-78]	78	98
COV	[79-79]	79	102
COV	[80-80]	80	275
COV	[81-81]	81	226
COV	[82-82]	82	84
COV	[83-83]	83	190
COV	[84-84]	84	190
COV	[85-85]	85	104
COV	[86-86]	86	231
COV	[87-87]	87	98
COV	[88-88]	88	272
COV	[89-89]	89	217
COV	[90-90]	90	13
COV	[91-91]	91	180
COV	[92-92]	92	132
COV	[93-93]	93	138
COV	[94-94]	94	204
COV	[95-95]	95	120
COV	[96-96]	96	95
COV	[97-97]	97	49
COV	[98-98]	98	143
COV	[99-99]	99	68
COV	[100-100]	100	177
COV	[101-101]	101	92
COV	[102-102]	102	131
COV	[103-103]	103	54
COV	[104-104]	104	134
COV	[105-105]	105	71
COV	[106-106]	106	123
COV	[107-107]	107	177
COV	[108-108]	108	130
COV	[109-109]	109	178
COV	[110-110]	110	175
COV	[111-111]	111	46
COV	[112-112]	112	47
COV	[113-113]	113	44
COV	[114-114]	114	4
COV	[115-115]	115	90
COV	[116-116]	116	92
COV	[117-117]	117	93
COV	[118-118]	118	42
COV	[119-119]	119	88
COV	[120-120]	120	1
COV	[121-121]	121	45
COV	[122-122]	122	44
COV	[123-123]	123	46
COV	[124-124]	124	44
COV	[125-125]	125	6
COV	[126-126]	126	85
COV	[127-127]	127	3
COV	[128-128]	128	1
COV	[129-129]	129	1
COV	[130-130]	130	4
COV	[131-131]	131	43
COV	[132-132]	132	44
COV	[133-133]	133	2
COV	[134-134]	134	1
COV	[135-135]	135	3
COV	[136-136]	136	2
COV	[137-137]	137	2
COV	[139-139]	139	3
COV	[140-140]	140	42
COV	[141-141]	141	44
COV	[142-142]	142	4
COV	[143-143]	143	44
COV	[145-145]	145	42
COV	[146-146]	146	1
COV	[152-152]	152	44
# GC-depth. Use `grep ^GCD | cut -f 2-` to extract this part. The columns are: GC%, unique sequence percentiles, 10th, 25th, 50th, 75th and 90th depth percentile
GCD	0.0	0.032	0.000	0.000	0.000	0.000	0.000
GCD	0.2	0.048	0.002	0.002	0.002	0.002	0.002
GCD	2.0	0.193	0.002	0.002	0.002	0.002	0.005
GCD	4.0	0.258	0.002	0.002	0.002	0.004	0.005
GCD	5.0	0.274	0.012	0.012	0.012	0.012	0.012
GCD	6.0	0.403	0.002	0.002	0.002	0.002	0.002
GCD	7.0	0.435	0.007	0.007	0.009	0.010	0.010
GCD	8.0	0.451	0.002	0.002	0.002	0.002	0.002
GCD	10.0	0.532	0.002	0.002	0.002	0.002	0.002
GCD	11.0	0.548	0.005	0.005	0.005	0.005	0.005
GCD	12.0	0.725	0.002	0.002	0.002	0.005	0.005
GCD	13.0	0.773	0.005	0.005	0.005	0.005	0.005
GCD	14.0	0.854	0.002	0.002	0.002	0.002	0.002
GCD	15.0	0.870	0.005	0.005	0.005	0.005	0.005
GCD	16.0	0.999	0.002	0.002	0.004	0.005	0.007
GCD	17.0	1.079	0.005	0.005	0.005	0.010	0.012
GCD	18.0	1.531	0.002	0.002	0.002	0.002	0.005
GCD	19.0	1.563	0.005	0.005	0.005	0.005	0.005
GCD	20.0	2.239	0.002	0.002	0.002	0.002	0.005
GCD	21.0	2.304	0.005	0.006	0.007	0.007	0.007
GCD	22.0	3.254	0.002	0.002	0.002	0.005	0.007
GCD	23.0	3.399	0.005	0.005	0.005	0.009	0.010
GCD	24.0	4.833	0.002	0.002	0.002	0.002	0.005
GCD	25.0	6.799	0.002	0.002	0.002	0.005	0.005
GCD	26.0	7.121	0.005	0.005	0.005	0.007	0.130
GCD	27.0	9.328	0.002	0.002	0.002	0.002	0.005
GCD	28.0	9.747	0.005	0.005	0.005	0.005	0.008
GCD	29.0	13.356	0.002	0.002	0.002	0.002	0.005
GCD	30.0	13.888	0.005	0.005	0.005	0.007	0.010
GCD	31.0	18.286	0.002	0.002	0.002	0.002	0.007
GCD	32.0	18.817	0.005	0.005	0.005	0.012	0.390
GCD	33.0	23.618	0.002	0.002	0.002	0.002	0.005
GCD	34.0	24.343	0.005	0.005	0.005	0.009	0.040
GCD	35.0	29.982	0.002	0.002	0.002	0.002	0.005
GCD	36.0	30.884	0.005	0.005	0.005	0.007	0.061
GCD	37.0	36.717	0.002	0.002	0.002	0.002	0.005
GCD	38.0	37.635	0.005	0.005	0.005	0.007	0.039
GCD	39.0	43.805	0.002	0.002	0.002	0.002	0.005
GCD	40.0	44.691	0.005	0.005	0.005	0.010	0.160
GCD	41.0	50.572	0.002	0.002	0.002	0.002	0.005
GCD	42.0	51.394	0.005	0.005	0.005	0.007	0.267
GCD	43.0	56.791	0.002	0.002	0.002	0.002	0.005
GCD	44.0	57.918	0.005	0.005	0.005	0.007	0.084
GCD	45.0	62.542	0.002	0.002	0.002	0.002	0.005
GCD	46.0	63.300	0.005	0.005	0.007	0.010	0.209
GCD	47.0	68.101	0.002	0.002	0.002	0.002	0.005
GCD	48.0	68.681	0.005	0.005	0.007	0.010	0.345
GCD	49.0	72.869	0.002	0.002	0.002	0.002	0.005
GCD	50.0	73.530	0.005	0.005	0.005	0.012	0.441
GCD	51.0	77.203	0.002	0.002	0.002	0.002	0.005
GCD	52.0	77.783	0.005	0.005	0.006	0.007	0.207
GCD	53.0	81.553	0.002	0.002	0.002	0.002	0.007
GCD	54.0	82.069	0.005	0.005	0.005	0.015	0.293
GCD	55.0	85.581	0.002	0.002	0.002	0.002	0.005
GCD	56.0	86.032	0.005	0.005	0.005	0.012	0.350
GCD	57.0	89.302	0.002	0.002	0.002	0.002	0.007
GCD	58.0	89.786	0.005	0.005	0.005	0.007	0.198
GCD	59.0	92.702	0.002	0.002	0.002	0.002	0.004
GCD	60.0	93.040	0.005	0.005	0.005	0.011	0.248
GCD	61.0	95.215	0.002	0.002	0.002	0.002	0.005
GCD	62.0	95.408	0.005	0.005	0.005	0.024	0.185
GCD	63.0	97.068	0.002	0.002	0.002	0.002	0.005
GCD	64.0	97.197	0.005	0.005	0.006	0.024	0.360
GCD	65.0	98.276	0.002	0.002	0.002	0.002	0.005
GCD	66.0	98.324	0.005	0.005	0.017	0.077	0.077
GCD	67.0	98.937	0.002	0.002	0.002	0.002	0.005
GCD	68.0	98.953	0.089	0.089	0.089	0.089	0.089
GCD	69.0	99.323	0.002	0.002	0.002	0.002	0.002
GCD	70.0	99.404	0.005	0.005	0.005	0.038	0.069
GCD	71.0	99.646	0.002	0.002	0.002	0.002	0.003
GCD	72.0	99.678	0.005	0.005	0.005	0.005	0.005
GCD	73.0	99.855	0.002	0.002	0.002	0.002	0.009
GCD	74.0	99.871	0.007	0.007	0.007	0.007	0.007
GCD	75.0	99.903	0.002	0.002	0.004	0.005	0.005
GCD	76.0	99.952	0.002	0.002	0.002	0.002	0.002
GCD	80.0	99.968	0.005	0.005	0.005	0.005	0.005
GCD	82.0	99.984	0.002	0.002	0.002	0.002	0.002
GCD	86.0	100.000	0.002	0.002	0.002	0.002	0.002
