1	248956422	172625	0
10	133797422	75022	0
11	135086622	80522	0
12	133275309	79815	0
13	114364328	52632	0
14	107043718	59835	0
15	101991189	58202	0
16	90338345	58091	0
17	83257441	51301	0
18	80373285	48126	0
19	58617616	42221	0
2	242193529	125103	0
20	64444167	38700	0
21	46709983	87201	0
22	50818468	33101	0
3	198295559	105539	0
4	190214555	103882	0
5	181538259	113748	0
6	170805979	92461	0
7	159345973	93125	0
8	145138636	78245	0
9	138394717	73051	0
MT	16569	620	0
X	156040895	97219	0
Y	57227415	11270	0
KI270728.1	1872759	2028	0
KI270727.1	448248	238	0
KI270442.1	392061	489	0
KI270729.1	280839	605	0
GL000225.1	211173	1409	0
KI270743.1	210658	580	0
GL000008.2	209709	431	0
GL000009.2	201709	420	0
KI270747.1	198735	416	0
KI270722.1	194050	196	0
GL000194.1	191469	276	0
KI270742.1	186739	519	0
GL000205.2	185591	190	0
GL000195.1	182896	224	0
KI270736.1	181920	143	0
KI270733.1	179772	26702	0
GL000224.1	179693	795	0
GL000219.1	179198	168	0
KI270719.1	176845	241	0
GL000216.2	176608	745	0
KI270712.1	176043	358	0
KI270706.1	175055	471	0
KI270725.1	172810	309	0
KI270744.1	168472	2792	0
KI270734.1	165050	156	0
GL000213.1	164239	64	0
GL000220.1	161802	27191	0
KI270715.1	161471	423	0
GL000218.1	161147	255	0
KI270749.1	158759	286	0
KI270741.1	157432	76	0
GL000221.1	155397	470	0
KI270716.1	153799	311	0
KI270731.1	150754	173	0
KI270751.1	150742	477	0
KI270750.1	148850	180	0
KI270519.1	138126	158	0
GL000214.1	137718	881	0
KI270708.1	127682	139	0
KI270730.1	112551	44	0
KI270438.1	112505	2259	0
KI270737.1	103838	310	0
KI270721.1	100316	36	0
KI270738.1	99375	136	0
KI270748.1	93321	82	0
KI270435.1	92983	126	0
GL000208.1	92689	93	0
KI270538.1	91309	141	0
KI270756.1	79590	90	0
KI270739.1	73985	91	0
KI270757.1	71251	67	0
KI270709.1	66860	3344	0
KI270746.1	66486	89	0
KI270753.1	62944	59	0
KI270589.1	44474	14	0
KI270726.1	43739	7	0
KI270735.1	42811	97	0
KI270711.1	42210	230	0
KI270745.1	41891	54	0
KI270714.1	41717	66	0
KI270732.1	41543	45	0
KI270713.1	40745	74	0
KI270754.1	40191	273	0
KI270710.1	40176	64	0
KI270717.1	40062	67	0
KI270724.1	39555	35	0
KI270720.1	39050	52	0
KI270723.1	38115	29	0
KI270718.1	38054	86	0
KI270317.1	37690	300	0
KI270740.1	37240	0	0
KI270755.1	36723	17	0
KI270707.1	32032	69	0
KI270579.1	31033	41	0
KI270752.1	27745	0	0
KI270512.1	22689	77	0
KI270322.1	21476	46	0
GL000226.1	15008	110	0
KI270311.1	12399	6	0
KI270366.1	8320	8	0
KI270511.1	8127	12	0
KI270448.1	7992	9	0
KI270521.1	7642	0	0
KI270581.1	7046	3	0
KI270582.1	6504	5	0
KI270515.1	6361	21	0
KI270588.1	6158	8	0
KI270591.1	5796	14	0
KI270522.1	5674	45	0
KI270507.1	5353	13	0
KI270590.1	4685	3	0
KI270584.1	4513	12	0
KI270320.1	4416	45	0
KI270382.1	4215	5	0
KI270468.1	4055	8	0
KI270467.1	3920	232	0
KI270362.1	3530	2	0
KI270517.1	3253	5	0
KI270593.1	3041	0	0
KI270528.1	2983	6	0
KI270587.1	2969	5	0
KI270364.1	2855	0	0
KI270371.1	2805	9	0
KI270333.1	2699	220	0
KI270374.1	2656	6	0
KI270411.1	2646	181	0
KI270414.1	2489	12	0
KI270510.1	2415	2	0
KI270390.1	2387	4	0
KI270375.1	2378	14	0
KI270420.1	2321	24	0
KI270509.1	2318	2	0
KI270315.1	2276	3	0
KI270302.1	2274	6	0
KI270518.1	2186	3	0
KI270530.1	2168	4	0
KI270304.1	2165	387	0
KI270418.1	2145	122	0
KI270424.1	2140	0	0
KI270417.1	2043	0	0
KI270508.1	1951	3	0
KI270303.1	1942	394	0
KI270381.1	1930	37	0
KI270529.1	1899	20	0
KI270425.1	1884	0	0
KI270396.1	1880	17	0
KI270363.1	1803	5	0
KI270386.1	1788	38	0
KI270465.1	1774	52	0
KI270383.1	1750	24	0
KI270384.1	1658	15	0
KI270330.1	1652	48	0
KI270372.1	1650	8	0
KI270548.1	1599	1	0
KI270580.1	1553	0	0
KI270387.1	1537	6	0
KI270391.1	1484	25	0
KI270305.1	1472	2	0
KI270373.1	1451	0	0
KI270422.1	1445	93	0
KI270316.1	1444	7	0
KI270340.1	1428	8	0
KI270338.1	1428	3	0
KI270583.1	1400	0	0
KI270334.1	1368	4	0
KI270429.1	1361	1	0
KI270393.1	1308	4	0
KI270516.1	1300	2	0
KI270389.1	1298	0	0
KI270466.1	1233	89	0
KI270388.1	1216	6	0
KI270544.1	1202	112	0
KI270310.1	1201	239	0
KI270412.1	1179	6	0
KI270395.1	1143	27	0
KI270376.1	1136	0	0
KI270337.1	1121	178	0
KI270335.1	1048	0	0
KI270378.1	1048	0	0
KI270379.1	1045	0	0
KI270329.1	1040	1	0
KI270419.1	1029	3	0
KI270336.1	1026	106	0
KI270312.1	998	24	0
KI270539.1	993	0	0
KI270385.1	990	1	0
KI270423.1	981	3	0
KI270392.1	971	1	0
KI270394.1	970	1	0
*	0	0	16407051
