# This file was produced by samtools stats (1.22.1+htslib-1.22.1) and can be plotted using plot-bamstats
# This file contains statistics for all reads.
# The command line was:  stats ../../02_data/genome-alignment/SRR10983650.trim.sorted.bam
# CHK, Checksum	[2]Read Names	[3]Sequences	[4]Qualities
# CHK, CRC32 of reads which passed filtering followed by addition (32bit overflow)
CHK	04884c41	d7216cdf	20f5d85b
# Summary Numbers. Use `grep ^SN | cut -f 2-` to extract this part.
SN	raw total sequences:	1111649	# excluding supplementary and secondary reads
SN	filtered sequences:	0
SN	sequences:	1111649
SN	is sorted:	1	# sorted by coordinate
SN	1st fragments:	1111649
SN	last fragments:	0
SN	reads mapped:	164270
SN	reads mapped and paired:	0	# paired-end technology bit set + both mates mapped
SN	reads unmapped:	947379
SN	reads properly paired:	0	# proper-pair bit set
SN	reads paired:	0	# paired-end technology bit set
SN	reads duplicated:	0	# PCR or optical duplicate bit set
SN	reads MQ0:	6264	# mapped and MQ=0
SN	reads QC failed:	0
SN	non-primary alignments:	86397
SN	supplementary alignments:	0
SN	total length:	55986022	# ignores clipping
SN	total first fragment length:	55986022	# ignores clipping
SN	total last fragment length:	0	# ignores clipping
SN	bases mapped:	8371026	# ignores clipping
SN	bases mapped (cigar):	8156682	# more accurate
SN	bases trimmed:	0
SN	bases duplicated:	0
SN	mismatches:	44592	# from NM fields
SN	error rate:	5.466929e-03	# mismatches / bases mapped (cigar)
SN	average length:	50
SN	average first fragment length:	50
SN	average last fragment length:	0
SN	maximum length:	51
SN	maximum first fragment length:	51
SN	maximum last fragment length:	0
SN	average quality:	34.6
SN	insert size average:	0.0
SN	insert size standard deviation:	0.0
SN	inward oriented pairs:	0
SN	outward oriented pairs:	0
SN	pairs with other orientation:	0
SN	pairs on different chromosomes:	0
SN	percentage of properly paired reads (%):	0.0
# First Fragment Qualities. Use `grep ^FFQ | cut -f 2-` to extract this part.
# Columns correspond to qualities and rows to cycles. First column is the cycle number.
FFQ	1	0	0	923	0	0	0	0	0	0	0	0	0	0	0	65634	0	0	0	0	0	0	0	0	0	0	0	0	608555	0	0	0	0	0	436537	0	0	0	0	0
FFQ	2	0	0	0	0	0	0	0	0	0	0	0	0	0	0	63969	0	0	0	0	0	0	0	0	0	0	0	0	397145	0	0	0	0	0	650535	0	0	0	0	0
FFQ	3	0	0	3	0	0	0	0	0	0	0	0	0	0	0	244895	0	0	0	0	0	0	0	0	0	0	0	0	304928	0	0	0	0	0	561823	0	0	0	0	0
FFQ	4	0	0	0	0	0	0	0	0	0	0	0	0	0	0	225953	0	0	0	0	0	0	0	0	0	0	0	0	400502	0	0	0	0	0	485194	0	0	0	0	0
FFQ	5	0	0	0	0	0	0	0	0	0	0	0	0	0	0	244051	0	0	0	0	0	0	0	0	0	0	0	0	403327	0	0	0	0	0	464271	0	0	0	0	0
FFQ	6	0	0	0	0	0	0	0	0	0	0	0	0	0	0	197758	0	0	0	0	0	0	0	6	0	0	0	0	204474	0	0	0	0	0	290335	0	0	0	419076	0
FFQ	7	0	0	1	0	0	0	0	0	0	0	0	0	0	0	185658	0	0	0	0	0	0	0	101	0	0	0	0	174072	0	0	0	0	0	233927	0	0	0	517890	0
FFQ	8	0	0	0	0	0	0	0	0	0	0	0	0	0	0	54428	0	0	0	0	0	0	0	136	0	0	0	0	134666	0	0	0	0	0	236942	0	0	0	685477	0
FFQ	9	0	0	0	0	0	0	0	0	0	0	0	0	0	0	48271	0	0	0	0	0	0	0	295	0	0	0	0	88981	0	0	0	0	0	149741	0	0	0	824361	0
FFQ	10	0	0	3	0	0	0	0	0	0	0	0	0	0	0	53209	0	0	0	0	0	0	0	490	0	0	0	0	61968	0	0	0	0	0	100237	0	0	0	895742	0
FFQ	11	0	0	0	0	0	0	0	0	0	0	0	0	0	0	41187	0	0	0	0	0	0	0	688	0	0	0	0	51152	0	0	0	0	0	85870	0	0	0	932752	0
FFQ	12	0	0	0	0	0	0	0	0	0	0	0	0	0	0	37647	0	0	0	0	0	0	0	760	0	0	0	0	45600	0	0	0	0	0	76303	0	0	0	951339	0
FFQ	13	0	0	0	0	0	0	0	0	0	0	0	0	0	0	32987	0	0	0	0	0	0	0	956	0	0	0	0	42611	0	0	0	0	0	68021	0	0	0	967074	0
FFQ	14	0	0	0	0	0	0	0	0	0	0	0	0	0	0	32297	0	0	0	0	0	0	0	1218	0	0	0	0	40414	0	0	0	0	0	64456	0	0	0	973264	0
FFQ	15	0	0	0	0	0	0	0	0	0	0	0	0	0	0	33278	0	0	0	0	0	0	0	1655	0	0	0	0	39335	0	0	0	0	0	63367	0	0	0	974014	0
FFQ	16	0	0	5	0	0	0	0	0	0	0	0	0	0	0	31753	0	0	0	0	0	0	0	1894	0	0	0	0	38714	0	0	0	0	0	61977	0	0	0	977298	0
FFQ	17	0	0	0	0	0	0	0	0	0	0	0	0	0	0	31149	0	0	0	0	0	0	0	2280	0	0	0	0	37807	0	0	0	0	0	61769	0	0	0	978594	0
FFQ	18	0	0	0	0	0	0	0	0	0	0	0	0	0	0	31749	0	0	0	0	0	0	0	2421	0	0	0	0	38147	0	0	0	0	0	61364	0	0	0	977876	0
FFQ	19	0	0	0	0	0	0	0	0	0	0	0	0	0	0	32142	0	0	0	0	0	0	0	2646	0	0	0	0	38432	0	0	0	0	0	61803	0	0	0	976492	0
FFQ	20	0	0	0	0	0	0	0	0	0	0	0	0	0	0	33085	0	0	0	0	0	0	0	2853	0	0	0	0	37882	0	0	0	0	0	61231	0	0	0	976371	0
FFQ	21	0	0	0	0	0	0	0	0	0	0	0	0	0	0	31620	0	0	0	0	0	0	0	3011	0	0	0	0	38848	0	0	0	0	0	62014	0	0	0	975808	0
FFQ	22	0	0	0	0	0	0	0	0	0	0	0	0	0	0	36462	0	0	0	0	0	0	0	3302	0	0	0	0	38920	0	0	0	0	0	60941	0	0	0	971476	0
FFQ	23	0	0	11	0	0	0	0	0	0	0	0	0	0	0	32953	0	0	0	0	0	0	0	3234	0	0	0	0	41813	0	0	0	0	0	62002	0	0	0	970791	0
FFQ	24	0	0	0	0	0	0	0	0	0	0	0	0	0	0	31228	0	0	0	0	0	0	0	3157	0	0	0	0	38541	0	0	0	0	0	62047	0	0	0	972047	0
FFQ	25	0	0	14	0	0	0	0	0	0	0	0	0	0	0	30395	0	0	0	0	0	0	0	3185	0	0	0	0	37703	0	0	0	0	0	61201	0	0	0	974103	0
FFQ	26	0	0	0	0	0	0	0	0	0	0	0	0	0	0	32653	0	0	0	0	0	0	0	2856	0	0	0	0	35454	0	0	0	0	0	60337	0	0	0	974782	0
FFQ	27	0	0	0	0	0	0	0	0	0	0	0	0	0	0	33248	0	0	0	0	0	0	0	3033	0	0	0	0	36894	0	0	0	0	0	58926	0	0	0	972467	0
FFQ	28	0	0	0	0	0	0	0	0	0	0	0	0	0	0	32579	0	0	0	0	0	0	0	3049	0	0	0	0	36440	0	0	0	0	0	58010	0	0	0	973675	0
FFQ	29	0	0	0	0	0	0	0	0	0	0	0	0	0	0	32316	0	0	0	0	0	0	0	3080	0	0	0	0	36585	0	0	0	0	0	57949	0	0	0	972704	0
FFQ	30	0	0	0	0	0	0	0	0	0	0	0	0	0	0	34295	0	0	0	0	0	0	0	3104	0	0	0	0	37036	0	0	0	0	0	58864	0	0	0	968669	0
FFQ	31	0	0	0	0	0	0	0	0	0	0	0	0	0	0	35608	0	0	0	0	0	0	0	3249	0	0	0	0	37841	0	0	0	0	0	59503	0	0	0	964494	0
FFQ	32	0	0	0	0	0	0	0	0	0	0	0	0	0	0	35773	0	0	0	0	0	0	0	3341	0	0	0	0	38810	0	0	0	0	0	58630	0	0	0	963373	0
FFQ	33	0	0	0	0	0	0	0	0	0	0	0	0	0	0	34771	0	0	0	0	0	0	0	3143	0	0	0	0	39269	0	0	0	0	0	59777	0	0	0	962213	0
FFQ	34	0	0	0	0	0	0	0	0	0	0	0	0	0	0	37951	0	0	0	0	0	0	0	3361	0	0	0	0	38858	0	0	0	0	0	60196	0	0	0	957852	0
FFQ	35	0	0	0	0	0	0	0	0	0	0	0	0	0	0	34870	0	0	0	0	0	0	0	3462	0	0	0	0	40195	0	0	0	0	0	59499	0	0	0	959150	0
FFQ	36	0	0	0	0	0	0	0	0	0	0	0	0	0	0	34337	0	0	0	0	0	0	0	3371	0	0	0	0	38182	0	0	0	0	0	59643	0	0	0	960516	0
FFQ	37	0	0	0	0	0	0	0	0	0	0	0	0	0	0	34920	0	0	0	0	0	0	0	3220	0	0	0	0	37752	0	0	0	0	0	59498	0	0	0	959514	0
FFQ	38	0	0	3	0	0	0	0	0	0	0	0	0	0	0	34024	0	0	0	0	0	0	0	3305	0	0	0	0	37712	0	0	0	0	0	59156	0	0	0	959508	0
FFQ	39	0	0	6	0	0	0	0	0	0	0	0	0	0	0	33606	0	0	0	0	0	0	0	3222	0	0	0	0	37429	0	0	0	0	0	58900	0	0	0	958930	0
FFQ	40	0	0	0	0	0	0	0	0	0	0	0	0	0	0	34220	0	0	0	0	0	0	0	3189	0	0	0	0	36838	0	0	0	0	0	58974	0	0	0	957022	0
FFQ	41	0	0	6	0	0	0	0	0	0	0	0	0	0	0	33589	0	0	0	0	0	0	0	3324	0	0	0	0	36700	0	0	0	0	0	58297	0	0	0	941158	0
FFQ	42	0	0	2	0	0	0	0	0	0	0	0	0	0	0	33582	0	0	0	0	0	0	0	3264	0	0	0	0	36378	0	0	0	0	0	58417	0	0	0	939806	0
FFQ	43	0	0	12	0	0	0	0	0	0	0	0	0	0	0	33873	0	0	0	0	0	0	0	3405	0	0	0	0	36563	0	0	0	0	0	58299	0	0	0	937886	0
FFQ	44	0	0	1	0	0	0	0	0	0	0	0	0	0	0	33317	0	0	0	0	0	0	0	3415	0	0	0	0	36893	0	0	0	0	0	58911	0	0	0	935582	0
FFQ	45	0	0	6	0	0	0	0	0	0	0	0	0	0	0	33583	0	0	0	0	0	0	0	3387	0	0	0	0	36623	0	0	0	0	0	58901	0	0	0	934109	0
FFQ	46	0	0	0	0	0	0	0	0	0	0	0	0	0	0	34074	0	0	0	0	0	0	0	3483	0	0	0	0	36591	0	0	0	0	0	58649	0	0	0	932074	0
FFQ	47	0	0	0	0	0	0	0	0	0	0	0	0	0	0	33342	0	0	0	0	0	0	0	3458	0	0	0	0	36084	0	0	0	0	0	58036	0	0	0	931355	0
FFQ	48	0	0	0	0	0	0	0	0	0	0	0	0	0	0	33741	0	0	0	0	0	0	0	3477	0	0	0	0	36697	0	0	0	0	0	58699	0	0	0	929661	0
FFQ	49	0	0	0	0	0	0	0	0	0	0	0	0	0	0	34018	0	0	0	0	0	0	0	3689	0	0	0	0	36636	0	0	0	0	0	59887	0	0	0	928045	0
FFQ	50	0	0	0	0	0	0	0	0	0	0	0	0	0	0	33164	0	0	0	0	0	0	0	3683	0	0	0	0	36590	0	0	0	0	0	59050	0	0	0	929788	0
FFQ	51	0	0	0	0	0	0	0	0	0	0	0	0	0	0	43240	0	0	0	0	0	0	0	4443	0	0	0	0	47475	0	0	0	0	0	78724	0	0	0	888393	0
# Last Fragment Qualities. Use `grep ^LFQ | cut -f 2-` to extract this part.
# Columns correspond to qualities and rows to cycles. First column is the cycle number.
# GC Content of first fragments. Use `grep ^GCF | cut -f 2-` to extract this part.
GCF	1.76	0
GCF	4.52	3
GCF	6.53	20
GCF	8.54	82
GCF	10.55	76
GCF	12.56	227
GCF	14.57	552
GCF	16.33	1039
GCF	17.34	1040
GCF	17.84	1577
GCF	18.34	1576
GCF	18.84	1578
GCF	19.35	1581
GCF	19.85	2705
GCF	20.35	2707
GCF	20.85	2709
GCF	21.61	4032
GCF	22.36	4036
GCF	22.86	4037
GCF	23.37	5914
GCF	23.87	5923
GCF	24.37	5924
GCF	24.87	5923
GCF	25.38	7619
GCF	25.88	7617
GCF	26.38	7613
GCF	26.88	7619
GCF	27.39	9813
GCF	27.89	9815
GCF	28.39	9829
GCF	28.89	9827
GCF	29.40	12064
GCF	29.90	12059
GCF	30.40	12084
GCF	30.90	12097
GCF	31.41	13737
GCF	31.91	13762
GCF	32.66	13782
GCF	33.42	15736
GCF	33.92	15718
GCF	34.42	15720
GCF	34.92	15957
GCF	35.43	17664
GCF	35.93	17700
GCF	36.43	18013
GCF	36.93	17992
GCF	37.44	20342
GCF	37.94	20360
GCF	38.44	20463
GCF	38.94	20658
GCF	39.45	22434
GCF	39.95	24354
GCF	40.45	24350
GCF	40.95	26188
GCF	41.46	26247
GCF	41.96	26252
GCF	42.46	31090
GCF	42.96	32939
GCF	43.47	33688
GCF	43.97	33735
GCF	44.47	33797
GCF	44.97	29853
GCF	45.48	29991
GCF	45.98	29983
GCF	46.48	30212
GCF	46.98	36289
GCF	47.49	35284
GCF	47.99	36704
GCF	48.49	36773
GCF	49.25	44953
GCF	50.25	44971
GCF	51.01	54720
GCF	51.51	54943
GCF	52.01	53128
GCF	52.51	53636
GCF	53.02	66135
GCF	53.52	66142
GCF	54.02	66345
GCF	54.52	66519
GCF	55.03	79258
GCF	55.53	79203
GCF	56.03	79288
GCF	56.53	79163
GCF	57.04	89593
GCF	57.54	89363
GCF	58.04	89463
GCF	58.54	89426
GCF	59.05	94088
GCF	59.55	94018
GCF	60.05	93364
GCF	60.55	93227
GCF	61.06	93115
GCF	61.56	92999
GCF	62.06	92994
GCF	62.56	87077
GCF	63.32	86990
GCF	64.07	86929
GCF	64.57	76627
GCF	65.08	76454
GCF	65.58	76234
GCF	66.08	76193
GCF	66.83	61334
GCF	67.59	61130
GCF	68.09	60986
GCF	68.59	45294
GCF	69.10	45055
GCF	69.60	44950
GCF	70.10	44870
GCF	70.60	32383
GCF	71.11	32330
GCF	71.61	32231
GCF	72.11	32137
GCF	72.61	20623
GCF	73.12	20492
GCF	73.62	20442
GCF	74.12	20344
GCF	74.62	12503
GCF	75.13	12399
GCF	75.63	12356
GCF	76.13	12318
GCF	76.63	6650
GCF	77.14	6589
GCF	77.64	6515
GCF	78.14	6474
GCF	78.64	3788
GCF	79.15	3755
GCF	79.65	3737
GCF	80.15	2077
GCF	80.65	2038
GCF	81.16	2018
GCF	81.66	1981
GCF	82.16	971
GCF	82.66	949
GCF	83.17	941
GCF	83.67	933
GCF	84.17	338
GCF	84.67	333
GCF	85.18	328
GCF	85.68	310
GCF	86.18	181
GCF	86.93	186
GCF	87.69	179
GCF	88.19	86
GCF	88.94	83
GCF	89.70	82
GCF	90.20	14
GCF	91.21	11
GCF	92.21	4
GCF	92.96	0
GCF	94.97	1
# GC Content of last fragments. Use `grep ^GCL | cut -f 2-` to extract this part.
# ACGT content per cycle. Use `grep ^GCC | cut -f 2-` to extract this part. The columns are: cycle; A,C,G,T base counts as a percentage of all A/C/G/T bases [%]; and N and O counts as a percentage of all A/C/G/T bases [%]
GCC	1	34.33	23.97	25.41	16.30	0.08	0.00
GCC	2	15.31	36.75	23.96	23.98	0.00	0.00
GCC	3	22.55	27.99	14.62	34.84	0.00	0.00
GCC	4	19.53	27.31	28.39	24.78	0.00	0.00
GCC	5	18.84	26.95	29.00	25.21	0.00	0.00
GCC	6	24.57	25.81	26.18	23.44	0.00	0.00
GCC	7	24.05	26.33	26.28	23.35	0.00	0.00
GCC	8	22.49	27.64	28.49	21.38	0.00	0.00
GCC	9	21.99	27.59	26.72	23.71	0.00	0.00
GCC	10	22.18	27.43	27.58	22.81	0.00	0.00
GCC	11	22.90	27.65	27.69	21.76	0.00	0.00
GCC	12	23.23	27.58	26.97	22.21	0.00	0.00
GCC	13	21.75	28.93	27.25	22.07	0.00	0.00
GCC	14	21.93	28.06	28.26	21.75	0.00	0.00
GCC	15	23.44	27.32	27.34	21.91	0.00	0.00
GCC	16	22.02	28.18	27.23	22.56	0.00	0.00
GCC	17	21.26	27.54	29.16	22.04	0.00	0.00
GCC	18	22.50	28.34	26.90	22.26	0.00	0.00
GCC	19	22.18	28.30	27.58	21.94	0.00	0.00
GCC	20	21.70	27.65	28.89	21.76	0.00	0.00
GCC	21	22.70	27.96	27.40	21.95	0.00	0.00
GCC	22	22.52	27.31	27.66	22.51	0.00	0.00
GCC	23	21.36	28.10	28.34	22.21	0.00	0.00
GCC	24	21.95	27.51	27.35	23.20	0.00	0.00
GCC	25	22.42	27.33	27.84	22.41	0.00	0.00
GCC	26	21.75	27.88	27.67	22.70	0.00	0.00
GCC	27	21.95	27.59	28.01	22.45	0.00	0.00
GCC	28	21.90	27.96	27.75	22.39	0.00	0.00
GCC	29	22.54	27.87	28.23	21.35	0.00	0.00
GCC	30	22.26	28.13	27.30	22.31	0.00	0.00
GCC	31	22.33	27.66	27.85	22.17	0.00	0.00
GCC	32	22.24	28.12	28.06	21.58	0.00	0.00
GCC	33	22.38	27.59	27.21	22.83	0.00	0.00
GCC	34	22.55	27.66	27.61	22.19	0.00	0.00
GCC	35	22.44	28.04	27.97	21.56	0.00	0.00
GCC	36	22.88	27.70	27.57	21.85	0.00	0.00
GCC	37	22.07	27.57	27.96	22.41	0.00	0.00
GCC	38	21.71	28.03	27.86	22.40	0.00	0.00
GCC	39	22.61	27.81	27.14	22.44	0.00	0.00
GCC	40	21.71	27.74	27.81	22.74	0.00	0.00
GCC	41	21.98	28.13	28.29	21.59	0.00	0.00
GCC	42	22.42	27.56	27.29	22.74	0.00	0.00
GCC	43	22.04	27.80	28.12	22.04	0.00	0.00
GCC	44	21.46	27.88	28.94	21.72	0.00	0.00
GCC	45	22.49	27.73	27.45	22.33	0.00	0.00
GCC	46	22.11	28.17	27.30	22.42	0.00	0.00
GCC	47	21.72	28.47	27.80	22.00	0.00	0.00
GCC	48	22.68	27.10	27.92	22.30	0.00	0.00
GCC	49	22.11	28.01	27.89	22.00	0.00	0.00
GCC	50	22.17	28.14	28.33	21.36	0.00	0.00
GCC	51	22.92	27.11	27.86	22.12	0.00	0.00
# ACGT content per cycle, read oriented. Use `grep ^GCT | cut -f 2-` to extract this part. The columns are: cycle; A,C,G,T base counts as a percentage of all A/C/G/T bases [%]
GCT	1	35.44	23.99	25.39	15.18
GCT	2	15.45	38.02	22.68	23.85
GCT	3	22.13	28.86	13.75	35.26
GCT	4	18.76	27.65	28.04	25.54
GCT	5	18.11	26.84	29.10	25.94
GCT	6	24.69	25.84	26.15	23.32
GCT	7	23.95	26.44	26.17	23.45
GCT	8	22.47	27.66	28.47	21.40
GCT	9	22.03	27.64	26.67	23.67
GCT	10	22.21	27.44	27.57	22.78
GCT	11	22.87	27.69	27.65	21.79
GCT	12	23.09	27.70	26.85	22.35
GCT	13	21.76	28.86	27.32	22.07
GCT	14	21.99	28.05	28.26	21.69
GCT	15	23.39	27.26	27.40	21.95
GCT	16	21.96	28.25	27.17	22.62
GCT	17	21.42	27.60	29.11	21.87
GCT	18	22.53	28.25	26.99	22.23
GCT	19	22.19	28.30	27.59	21.93
GCT	20	21.67	27.72	28.82	21.79
GCT	21	22.67	28.00	27.36	21.98
GCT	22	22.44	27.33	27.64	22.58
GCT	23	21.34	28.06	28.38	22.23
GCT	24	21.80	27.54	27.32	23.34
GCT	25	22.35	27.40	27.77	22.48
GCT	26	21.71	27.89	27.65	22.75
GCT	27	22.13	27.47	28.13	22.27
GCT	28	22.05	28.00	27.71	22.24
GCT	29	22.56	27.82	28.29	21.33
GCT	30	22.30	28.15	27.28	22.27
GCT	31	22.28	27.70	27.81	22.21
GCT	32	22.24	28.19	27.98	21.58
GCT	33	22.66	27.53	27.26	22.55
GCT	34	22.55	27.68	27.58	22.19
GCT	35	22.54	28.06	27.94	21.46
GCT	36	22.77	27.81	27.45	21.97
GCT	37	22.02	27.47	28.05	22.46
GCT	38	21.85	28.07	27.82	22.26
GCT	39	22.57	27.75	27.20	22.48
GCT	40	21.84	27.88	27.67	22.61
GCT	41	22.03	28.18	28.24	21.54
GCT	42	22.31	27.59	27.26	22.84
GCT	43	21.96	27.93	27.98	22.13
GCT	44	21.48	27.92	28.89	21.70
GCT	45	22.37	27.73	27.46	22.45
GCT	46	22.14	28.05	27.42	22.39
GCT	47	21.63	28.56	27.72	22.10
GCT	48	22.71	27.24	27.78	22.27
GCT	49	22.04	27.99	27.90	22.06
GCT	50	22.09	28.09	28.38	21.44
GCT	51	22.88	27.18	27.78	22.16
# ACGT content per cycle for first fragments. Use `grep ^FBC | cut -f 2-` to extract this part. The columns are: cycle; A,C,G,T base counts as a percentage of all A/C/G/T bases [%]; and N and O counts as a percentage of all A/C/G/T bases [%]
FBC	1	34.33	23.97	25.41	16.30	0.08	0.00
FBC	2	15.31	36.75	23.96	23.98	0.00	0.00
FBC	3	22.55	27.99	14.62	34.84	0.00	0.00
FBC	4	19.53	27.31	28.39	24.78	0.00	0.00
FBC	5	18.84	26.95	29.00	25.21	0.00	0.00
FBC	6	24.57	25.81	26.18	23.44	0.00	0.00
FBC	7	24.05	26.33	26.28	23.35	0.00	0.00
FBC	8	22.49	27.64	28.49	21.38	0.00	0.00
FBC	9	21.99	27.59	26.72	23.71	0.00	0.00
FBC	10	22.18	27.43	27.58	22.81	0.00	0.00
FBC	11	22.90	27.65	27.69	21.76	0.00	0.00
FBC	12	23.23	27.58	26.97	22.21	0.00	0.00
FBC	13	21.75	28.93	27.25	22.07	0.00	0.00
FBC	14	21.93	28.06	28.26	21.75	0.00	0.00
FBC	15	23.44	27.32	27.34	21.91	0.00	0.00
FBC	16	22.02	28.18	27.23	22.56	0.00	0.00
FBC	17	21.26	27.54	29.16	22.04	0.00	0.00
FBC	18	22.50	28.34	26.90	22.26	0.00	0.00
FBC	19	22.18	28.30	27.58	21.94	0.00	0.00
FBC	20	21.70	27.65	28.89	21.76	0.00	0.00
FBC	21	22.70	27.96	27.40	21.95	0.00	0.00
FBC	22	22.52	27.31	27.66	22.51	0.00	0.00
FBC	23	21.36	28.10	28.34	22.21	0.00	0.00
FBC	24	21.95	27.51	27.35	23.20	0.00	0.00
FBC	25	22.42	27.33	27.84	22.41	0.00	0.00
FBC	26	21.75	27.88	27.67	22.70	0.00	0.00
FBC	27	21.95	27.59	28.01	22.45	0.00	0.00
FBC	28	21.90	27.96	27.75	22.39	0.00	0.00
FBC	29	22.54	27.87	28.23	21.35	0.00	0.00
FBC	30	22.26	28.13	27.30	22.31	0.00	0.00
FBC	31	22.33	27.66	27.85	22.17	0.00	0.00
FBC	32	22.24	28.12	28.06	21.58	0.00	0.00
FBC	33	22.38	27.59	27.21	22.83	0.00	0.00
FBC	34	22.55	27.66	27.61	22.19	0.00	0.00
FBC	35	22.44	28.04	27.97	21.56	0.00	0.00
FBC	36	22.88	27.70	27.57	21.85	0.00	0.00
FBC	37	22.07	27.57	27.96	22.41	0.00	0.00
FBC	38	21.71	28.03	27.86	22.40	0.00	0.00
FBC	39	22.61	27.81	27.14	22.44	0.00	0.00
FBC	40	21.71	27.74	27.81	22.74	0.00	0.00
FBC	41	21.98	28.13	28.29	21.59	0.00	0.00
FBC	42	22.42	27.56	27.29	22.74	0.00	0.00
FBC	43	22.04	27.80	28.12	22.04	0.00	0.00
FBC	44	21.46	27.88	28.94	21.72	0.00	0.00
FBC	45	22.49	27.73	27.45	22.33	0.00	0.00
FBC	46	22.11	28.17	27.30	22.42	0.00	0.00
FBC	47	21.72	28.47	27.80	22.00	0.00	0.00
FBC	48	22.68	27.10	27.92	22.30	0.00	0.00
FBC	49	22.11	28.01	27.89	22.00	0.00	0.00
FBC	50	22.17	28.14	28.33	21.36	0.00	0.00
FBC	51	22.92	27.11	27.86	22.12	0.00	0.00
# ACGT raw counters for first fragments. Use `grep ^FTC | cut -f 2-` to extract this part. The columns are: A,C,G,T,N base counters
FTC	12483223	15576635	15317080	12608088	996
# ACGT content per cycle for last fragments. Use `grep ^LBC | cut -f 2-` to extract this part. The columns are: cycle; A,C,G,T base counts as a percentage of all A/C/G/T bases [%]; and N and O counts as a percentage of all A/C/G/T bases [%]
# ACGT raw counters for last fragments. Use `grep ^LTC | cut -f 2-` to extract this part. The columns are: A,C,G,T,N base counters
LTC	0	0	0	0	0
# Insert sizes. Use `grep ^IS | cut -f 2-` to extract this part. The columns are: insert size, pairs total, inward oriented pairs, outward oriented pairs, other pairs
# Read lengths. Use `grep ^RL | cut -f 2-` to extract this part. The columns are: read length, count
RL	15	8
RL	16	42
RL	17	42
RL	18	42
RL	19	93
RL	20	121
RL	21	200
RL	22	297
RL	23	3784
RL	24	419
RL	25	519
RL	26	1514
RL	27	815
RL	28	1119
RL	29	666
RL	30	1273
RL	31	768
RL	32	754
RL	33	955
RL	34	1042
RL	35	1127
RL	36	1145
RL	37	1196
RL	38	1615
RL	39	1850
RL	40	17169
RL	41	1625
RL	42	1411
RL	43	1919
RL	44	1510
RL	45	1738
RL	46	2596
RL	51	1062275
# Read lengths - first fragments. Use `grep ^FRL | cut -f 2-` to extract this part. The columns are: read length, count
FRL	15	8
FRL	16	42
FRL	17	42
FRL	18	42
FRL	19	93
FRL	20	121
FRL	21	200
FRL	22	297
FRL	23	3784
FRL	24	419
FRL	25	519
FRL	26	1514
FRL	27	815
FRL	28	1119
FRL	29	666
FRL	30	1273
FRL	31	768
FRL	32	754
FRL	33	955
FRL	34	1042
FRL	35	1127
FRL	36	1145
FRL	37	1196
FRL	38	1615
FRL	39	1850
FRL	40	17169
FRL	41	1625
FRL	42	1411
FRL	43	1919
FRL	44	1510
FRL	45	1738
FRL	46	2596
FRL	51	1062275
# Read lengths - last fragments. Use `grep ^LRL | cut -f 2-` to extract this part. The columns are: read length, count
# Mapping qualities for reads !(UNMAP|SECOND|SUPPL|QCFAIL|DUP). Use `grep ^MAPQ | cut -f 2-` to extract this part. The columns are: mapq, count
MAPQ	0	6264
MAPQ	1	11056
MAPQ	60	146950
# Indel distribution. Use `grep ^ID | cut -f 2-` to extract this part. The columns are: length, number of insertions, number of deletions
ID	1	229	339
ID	2	61	62
ID	3	34	36
ID	4	0	38
ID	5	2	7
ID	6	33	11
ID	20	0	1
ID	25	0	12
# Indels per cycle. Use `grep ^IC | cut -f 2-` to extract this part. The columns are: cycle, number of insertions (fwd), .. (rev) , number of deletions (fwd), .. (rev)
IC	3	4	0	7	0
IC	4	5	0	26	0
IC	5	15	0	1	0
IC	6	1	0	31	0
IC	7	11	0	8	0
IC	8	5	0	3	0
IC	9	1	0	8	0
IC	10	33	0	1	0
IC	11	1	0	15	0
IC	12	32	0	3	0
IC	13	1	0	4	0
IC	14	9	0	10	0
IC	15	20	0	34	0
IC	16	3	0	6	0
IC	17	0	0	13	0
IC	18	0	0	25	0
IC	19	7	0	33	0
IC	20	1	0	8	0
IC	21	2	0	2	0
IC	22	1	0	4	0
IC	23	3	0	9	0
IC	24	0	0	6	0
IC	25	0	0	25	0
IC	26	3	0	9	0
IC	27	0	0	8	0
IC	28	2	0	3	0
IC	29	3	0	19	0
IC	30	0	0	4	0
IC	31	0	0	4	0
IC	32	14	0	1	0
IC	33	13	0	6	0
IC	34	6	0	5	0
IC	35	5	0	22	0
IC	36	52	0	12	0
IC	37	0	0	17	0
IC	38	10	0	5	0
IC	39	6	0	21	0
IC	40	6	0	2	0
IC	41	0	0	3	0
IC	42	17	0	3	0
IC	43	6	0	17	0
IC	44	0	0	11	0
IC	45	22	0	9	0
IC	46	1	0	0	0
IC	47	0	0	1	0
IC	48	38	0	0	0
IC	49	0	0	42	0
# Coverage distribution. Use `grep ^COV | cut -f 2-` to extract this part.
COV	[1-1]	1	395861
COV	[2-2]	2	72920
COV	[3-3]	3	37296
COV	[4-4]	4	29605
COV	[5-5]	5	23913
COV	[6-6]	6	24021
COV	[7-7]	7	23208
COV	[8-8]	8	18088
COV	[9-9]	9	20068
COV	[10-10]	10	19768
COV	[11-11]	11	20972
COV	[12-12]	12	19652
COV	[13-13]	13	18666
COV	[14-14]	14	17121
COV	[15-15]	15	17326
COV	[16-16]	16	15854
COV	[17-17]	17	13947
COV	[18-18]	18	11980
COV	[19-19]	19	12621
COV	[20-20]	20	13616
COV	[21-21]	21	13393
COV	[22-22]	22	11321
COV	[23-23]	23	10855
COV	[24-24]	24	9530
COV	[25-25]	25	9711
COV	[26-26]	26	7808
COV	[27-27]	27	8338
COV	[28-28]	28	7689
COV	[29-29]	29	7000
COV	[30-30]	30	6263
COV	[31-31]	31	5097
COV	[32-32]	32	4238
COV	[33-33]	33	4391
COV	[34-34]	34	4094
COV	[35-35]	35	4028
COV	[36-36]	36	2962
COV	[37-37]	37	2833
COV	[38-38]	38	2209
COV	[39-39]	39	2197
COV	[40-40]	40	2169
COV	[41-41]	41	2214
COV	[42-42]	42	1426
COV	[43-43]	43	1341
COV	[44-44]	44	1261
COV	[45-45]	45	1062
COV	[46-46]	46	1062
COV	[47-47]	47	695
COV	[48-48]	48	596
COV	[49-49]	49	444
COV	[50-50]	50	278
COV	[51-51]	51	272
COV	[52-52]	52	234
COV	[53-53]	53	272
COV	[54-54]	54	92
COV	[55-55]	55	92
COV	[56-56]	56	45
COV	[57-57]	57	52
COV	[58-58]	58	49
COV	[59-59]	59	95
COV	[60-60]	60	45
COV	[61-61]	61	87
COV	[65-65]	65	2
COV	[66-66]	66	42
COV	[69-69]	69	3
COV	[71-71]	71	33
# GC-depth. Use `grep ^GCD | cut -f 2-` to extract this part. The columns are: GC%, unique sequence percentiles, 10th, 25th, 50th, 75th and 90th depth percentile
GCD	0.0	0.014	0.000	0.000	0.000	0.000	0.000
GCD	0.4	0.021	0.003	0.003	0.003	0.003	0.003
GCD	4.0	0.028	0.003	0.003	0.003	0.003	0.003
GCD	6.0	0.049	0.003	0.003	0.003	0.003	0.003
GCD	8.0	0.070	0.003	0.003	0.013	0.055	0.055
GCD	9.0	0.084	0.053	0.053	0.060	0.068	0.068
GCD	10.0	0.098	0.003	0.003	0.003	0.003	0.003
GCD	11.0	0.105	0.030	0.030	0.030	0.030	0.030
GCD	12.0	0.153	0.003	0.003	0.018	0.058	0.126
GCD	13.0	0.181	0.015	0.016	0.039	0.087	0.096
GCD	14.0	0.279	0.005	0.010	0.030	0.078	0.106
GCD	15.0	0.342	0.010	0.016	0.018	0.039	0.053
GCD	16.0	0.481	0.008	0.019	0.038	0.050	0.089
GCD	17.0	0.593	0.020	0.028	0.049	0.069	0.076
GCD	18.0	0.858	0.005	0.017	0.031	0.065	0.073
GCD	19.0	1.025	0.015	0.026	0.044	0.068	0.084
GCD	20.0	1.541	0.004	0.018	0.037	0.064	0.096
GCD	21.0	2.001	0.008	0.020	0.043	0.065	0.105
GCD	22.0	2.650	0.005	0.011	0.030	0.057	0.085
GCD	23.0	3.215	0.018	0.030	0.050	0.071	0.093
GCD	24.0	4.456	0.003	0.013	0.035	0.063	0.088
GCD	25.0	5.523	0.003	0.010	0.030	0.059	0.090
GCD	26.0	6.596	0.010	0.027	0.048	0.068	0.098
GCD	27.0	8.068	0.003	0.008	0.030	0.063	0.093
GCD	28.0	9.462	0.013	0.025	0.050	0.073	0.098
GCD	29.0	11.582	0.003	0.003	0.020	0.050	0.078
GCD	30.0	13.311	0.015	0.030	0.045	0.071	0.098
GCD	31.0	15.787	0.003	0.003	0.015	0.048	0.078
GCD	32.0	17.837	0.010	0.025	0.043	0.065	0.091
GCD	33.0	21.400	0.003	0.003	0.013	0.040	0.075
GCD	34.0	23.938	0.005	0.018	0.035	0.068	0.088
GCD	35.0	28.457	0.003	0.003	0.008	0.038	0.068
GCD	36.0	31.128	0.005	0.010	0.030	0.060	0.095
GCD	37.0	36.587	0.003	0.003	0.005	0.028	0.060
GCD	38.0	39.488	0.005	0.010	0.025	0.055	0.088
GCD	39.0	45.973	0.003	0.003	0.005	0.023	0.060
GCD	40.0	48.895	0.005	0.010	0.028	0.050	0.081
GCD	41.0	54.578	0.003	0.003	0.005	0.025	0.060
GCD	42.0	57.207	0.005	0.010	0.028	0.053	0.081
GCD	43.0	61.732	0.003	0.003	0.008	0.038	0.071
GCD	44.0	63.650	0.005	0.010	0.030	0.053	0.084
GCD	45.0	66.885	0.003	0.003	0.010	0.038	0.065
GCD	46.0	68.698	0.005	0.016	0.034	0.053	0.081
GCD	47.0	71.857	0.003	0.003	0.013	0.035	0.071
GCD	48.0	73.272	0.005	0.013	0.033	0.058	0.086
GCD	49.0	75.727	0.003	0.003	0.013	0.035	0.060
GCD	50.0	77.101	0.005	0.013	0.033	0.053	0.074
GCD	51.0	79.639	0.003	0.003	0.008	0.037	0.060
GCD	52.0	80.713	0.006	0.015	0.034	0.055	0.079
GCD	53.0	83.160	0.003	0.003	0.005	0.030	0.063
GCD	54.0	84.269	0.005	0.013	0.030	0.050	0.073
GCD	55.0	86.626	0.003	0.003	0.005	0.025	0.050
GCD	56.0	87.504	0.005	0.010	0.028	0.046	0.071
GCD	57.0	90.063	0.003	0.003	0.003	0.018	0.043
GCD	58.0	90.879	0.008	0.013	0.028	0.048	0.078
GCD	59.0	92.881	0.003	0.003	0.005	0.018	0.038
GCD	60.0	93.424	0.005	0.013	0.024	0.035	0.055
GCD	61.0	95.077	0.003	0.003	0.003	0.013	0.038
GCD	62.0	95.565	0.005	0.010	0.028	0.046	0.068
GCD	63.0	96.904	0.003	0.003	0.003	0.008	0.030
GCD	64.0	97.232	0.008	0.013	0.025	0.040	0.053
GCD	65.0	98.278	0.003	0.003	0.003	0.010	0.028
GCD	66.0	98.487	0.005	0.005	0.020	0.043	0.060
GCD	67.0	99.087	0.003	0.003	0.003	0.008	0.033
GCD	68.0	99.184	0.003	0.003	0.011	0.019	0.055
GCD	69.0	99.449	0.003	0.003	0.003	0.012	0.049
GCD	70.0	99.505	0.010	0.017	0.031	0.046	0.068
GCD	71.0	99.603	0.003	0.003	0.019	0.046	0.081
GCD	72.0	99.630	0.018	0.019	0.028	0.035	0.035
GCD	73.0	99.735	0.003	0.005	0.015	0.023	0.031
GCD	74.0	99.777	0.015	0.025	0.029	0.037	0.048
GCD	75.0	99.819	0.005	0.005	0.021	0.065	0.088
GCD	76.0	99.840	0.045	0.045	0.045	0.050	0.050
GCD	77.0	99.847	0.033	0.033	0.033	0.033	0.033
GCD	78.0	99.881	0.005	0.010	0.015	0.042	0.048
GCD	80.0	99.895	0.010	0.010	0.020	0.030	0.030
GCD	82.0	99.902	0.003	0.003	0.003	0.003	0.003
GCD	83.0	99.909	0.005	0.005	0.005	0.005	0.005
GCD	84.0	99.951	0.003	0.003	0.003	0.003	0.003
GCD	86.0	99.993	0.003	0.003	0.003	0.006	0.015
GCD	87.0	100.000	0.008	0.008	0.008	0.008	0.008
