Sample	0	1	2	3	4	5	6	7	8	9	10	11	12	13	14	15
SRR10983637	(1.0, 9.928662127208227)	(2.0, 2.5785931312877013)	(3.0, 1.7919344154902281)	(4.0, 1.440315462475644)	(5.0, 1.1487658400820722)	(6.0, 0.9000608191661317)	(7.0, 0.7826566912291792)	(8.0, 0.6255804736638079)	(9.0, 0.5789889337940849)	('>10', 9.502960126796458)	('>50', 5.4508447515793454)	('>100', 25.677237632160978)	('>500', 10.949449392551731)	('>1k', 12.679855810877502)	('>5k', 4.2902340165548125)	('>10k+', 11.673860375082112)
SRR10983638	(1.0, 17.38079289402158)	(2.0, 4.424423499026655)	(3.0, 2.3583923690993416)	(4.0, 1.4924703376307902)	(5.0, 1.1257953500431064)	(6.0, 0.8810148556329831)	(7.0, 0.7715134292457261)	(8.0, 0.671113513019009)	(9.0, 0.5772352053366758)	('>10', 27.64179007157098)	('>50', 33.57802973132019)	('>100', 5.489707590563021)	('>500', 1.0638813693001143)	('>1k', 1.791520850634022)	('>5k', 0.5551424694436958)	('>10k+', 0.19717646411196807)
SRR10983639	(1.0, 15.240517267339666)	(2.0, 4.143278289722599)	(3.0, 2.2800787928499417)	(4.0, 1.5538707382359094)	(5.0, 1.1937393249950643)	(6.0, 0.9342011368418165)	(7.0, 0.763222602746804)	(8.0, 0.6302867856437119)	(9.0, 0.5586644268933982)	('>10', 13.383721843219504)	('>50', 29.663468528419646)	('>100', 24.77876023656519)	('>500', 1.34954468594562)	('>1k', 2.223433896067129)	('>5k', 0.8169773140181982)	('>10k+', 0.4862341304958621)
SRR10983640	(1.0, 17.751634753748718)	(2.0, 4.294566067634794)	(3.0, 2.1889760829769753)	(4.0, 1.4241919146241873)	(5.0, 1.016069814786802)	(6.0, 0.8662334184636855)	(7.0, 0.695757493058222)	(8.0, 0.6271878086351327)	(9.0, 0.5777380536438661)	('>10', 43.95762457375152)	('>50', 20.054800163968363)	('>100', 3.8548910235863545)	('>500', 0.6902633080979167)	('>1k', 1.3287163587007431)	('>5k', 0.40398788601406094)	('>10k+', 0.2673612783086246)
SRR10983641	(1.0, 8.921146981375148)	(2.0, 2.557144459016289)	(3.0, 1.67375074592678)	(4.0, 1.2033653602202874)	(5.0, 0.9978663899278628)	(6.0, 0.8414430371025332)	(7.0, 0.6836277191334301)	(8.0, 0.6302867655367314)	(9.0, 0.5808591272600161)	('>10', 7.851796232793673)	('>50', 3.0019937473989557)	('>100', 26.577642624335557)	('>500', 6.4350576841143505)	('>1k', 13.028111004817585)	('>5k', 4.976716380599855)	('>10k+', 20.03919174044094)
SRR10983642	(1.0, 16.535449816514443)	(2.0, 4.354442638645807)	(3.0, 2.414193339397951)	(4.0, 1.6416057313215815)	(5.0, 1.1477130888685936)	(6.0, 0.8551691698962123)	(7.0, 0.6974875734358115)	(8.0, 0.6344403513212513)	(9.0, 0.5625230420735307)	('>10', 21.71109023543755)	('>50', 35.48014288640931)	('>100', 7.7716517144542685)	('>500', 1.6277024035102758)	('>1k', 2.8694748358333957)	('>5k', 0.635660072757502)	('>10k+', 1.0612531001225616)
SRR10983643	(1.0, 15.771653396234688)	(2.0, 3.9188479759946064)	(3.0, 2.4412454231780285)	(4.0, 1.7522133297839235)	(5.0, 1.327140442405875)	(6.0, 1.075394776766793)	(7.0, 0.9235467922401899)	(8.0, 0.8328517296712058)	(9.0, 0.6694561092882096)	('>10', 8.703198650868606)	('>50', 3.8744876943713606)	('>100', 30.382865991322205)	('>500', 6.23210952891416)	('>1k', 12.292432949290449)	('>5k', 3.899500106226645)	('>10k+', 5.903055103443008)
SRR10983644	(1.0, 12.393899900783909)	(2.0, 3.226817179947032)	(3.0, 2.0562095401577993)	(4.0, 1.6049341073246102)	(5.0, 1.241356974009513)	(6.0, 1.118533406303778)	(7.0, 0.9592990724577288)	(8.0, 0.8730577402839345)	(9.0, 0.757970929208392)	('>10', 10.245040276509917)	('>50', 3.7298228878481665)	('>100', 7.5195083195694306)	('>500', 9.708741460487822)	('>1k', 27.024413608624183)	('>5k', 3.405393946936993)	('>10k+', 14.135000649546745)
SRR10983646	(1.0, 44.714855039065284)	(2.0, 6.965467731825031)	(3.0, 2.7954619631129276)	(4.0, 1.907532555158935)	(5.0, 1.6388513728677248)	(6.0, 1.596935225660402)	(7.0, 1.6795948093281605)	(8.0, 1.8193741677069986)	(9.0, 2.0900125461851657)	('>10', 27.699109582600418)	('>50', 1.2769477368946782)	('>100', 2.040819113552259)	('>500', 0.9158724712847124)	('>1k', 1.5692261637626759)	('>5k', 0.3995279330496192)	('>10k+', 0.8904115879449753)
SRR10983647	(1.0, 66.96804118648126)	(2.0, 12.130487117548594)	(3.0, 5.232152078633065)	(4.0, 2.2265780834502675)	(5.0, 1.0978647330207547)	(6.0, 0.7256987968471554)	(7.0, 0.5046328859613597)	(8.0, 0.3418502444844395)	(9.0, 0.28021971580064736)	('>10', 2.7418550297916586)	('>50', 0.8374054227428993)	('>100', 1.9156207026239742)	('>500', 0.9100046940684311)	('>1k', 1.7384037172870181)	('>5k', 0.7775380584948657)	('>10k+', 1.5716475327634938)
SRR10983648	(1.0, 51.936233926568946)	(2.0, 7.672080341986698)	(3.0, 5.5091272587712545)	(4.0, 5.372422823504533)	(5.0, 5.081487613031042)	(6.0, 4.513992544561831)	(7.0, 3.500506966505474)	(8.0, 2.6441983937592215)	(9.0, 1.7776772973753143)	('>10', 6.082765900828498)	('>50', 0.782673845025363)	('>100', 1.674067524329061)	('>500', 0.7705171389814527)	('>1k', 1.3775077332574321)	('>5k', 0.49194511659683954)	('>10k+', 0.8127955749171375)
SRR10983649	(1.0, 62.08005056463546)	(2.0, 12.891301272006386)	(3.0, 7.693328975297176)	(4.0, 4.391447122571258)	(5.0, 2.341930456670105)	(6.0, 1.24652878336512)	(7.0, 0.7535361067333752)	(8.0, 0.5090755463972226)	(9.0, 0.39626255659827675)	('>10', 2.700599730684446)	('>50', 0.6940724487549071)	('>100', 1.4085576971561395)	('>500', 0.5127425390346514)	('>1k', 1.1602694811737047)	('>5k', 0.4483929977134265)	('>10k+', 0.7719037212084501)
SRR10983650	(1.0, 36.79845972163838)	(2.0, 9.111657659255757)	(3.0, 5.41874907632285)	(4.0, 4.182967398231844)	(5.0, 3.5140461596356323)	(6.0, 3.5289637969429672)	(7.0, 3.4518598864370227)	(8.0, 3.3506255979275563)	(9.0, 3.152817067961961)	('>10', 24.410803901756683)	('>50', 0.16241391071419264)	('>100', 0.2987053043205082)	('>500', 0.3025494205504299)	('>1k', 1.3269190295466153)	('>5k', 0.0)	('>10k+', 0.9884620687575986)
SRR10983651	(1.0, 49.97296082897355)	(2.0, 7.295520255300166)	(3.0, 4.871822632238602)	(4.0, 4.863672038634705)	(5.0, 4.92836095257261)	(6.0, 4.539484508735042)	(7.0, 3.915560957686897)	(8.0, 3.12298921511172)	(9.0, 2.341192994012593)	('>10', 8.001145687421934)	('>50', 0.8466557297494588)	('>100', 1.6608036863346454)	('>500', 0.7311972085715174)	('>1k', 1.3222158598937361)	('>5k', 0.4352136874845269)	('>10k+', 1.1512037572782696)
SRR10983652	(1.0, 15.085794318846983)	(2.0, 4.039045383399035)	(3.0, 2.5618852673111747)	(4.0, 1.887990729942585)	(5.0, 1.5633152055255333)	(6.0, 1.2725508642108008)	(7.0, 1.0120960021348053)	(8.0, 0.9205327383324252)	(9.0, 0.7560363226300375)	('>10', 11.123707808654817)	('>50', 3.5098506067524617)	('>100', 14.590026230211231)	('>500', 12.791278472751072)	('>1k', 12.093036592412783)	('>5k', 5.029700161628639)	('>10k+', 11.763153295255602)
SRR10983653	(1.0, 8.368437802843106)	(2.0, 2.244610907527079)	(3.0, 1.6142426507281242)	(4.0, 1.351312155313159)	(5.0, 1.166199861815369)	(6.0, 1.0179772023243179)	(7.0, 0.8712041219467876)	(8.0, 0.7325923779166769)	(9.0, 0.6528175240434879)	('>10', 9.011680231065379)	('>50', 4.047726484807024)	('>100', 10.27921252439548)	('>500', 14.228102855020191)	('>1k', 17.462713987735423)	('>5k', 6.222560087231501)	('>10k+', 20.728609225286853)
SRR10983654	(1.0, 9.090498378586503)	(2.0, 3.023888393569306)	(3.0, 2.401487605540376)	(4.0, 2.198100282581291)	(5.0, 1.86829232264746)	(6.0, 1.520901645224912)	(7.0, 1.2354554873850796)	(8.0, 0.9835116696617768)	(9.0, 0.7333727382458309)	('>10', 7.72441938136623)	('>50', 2.8390435867279127)	('>100', 10.731884749536977)	('>500', 12.46956047464997)	('>1k', 15.192734488807123)	('>5k', 6.0671944439902425)	('>10k+', 21.91965435147897)
SRR10983655	(1.0, 8.370819572581794)	(2.0, 2.3002219826935026)	(3.0, 1.5820691114630974)	(4.0, 1.3651744216866035)	(5.0, 1.2045832696004797)	(6.0, 1.0428058808951)	(7.0, 0.9055572087585895)	(8.0, 0.769126985245739)	(9.0, 0.6871363167981424)	('>10', 8.381261908013178)	('>50', 3.8247258688919388)	('>100', 11.10275863437474)	('>500', 13.579855957328851)	('>1k', 25.960254313594287)	('>5k', 3.2117866069727476)	('>10k+', 15.711861961101231)
SRR10983656	(1.0, 25.101648156825195)	(2.0, 5.096303749529709)	(3.0, 2.9805105080721863)	(4.0, 2.181538276322368)	(5.0, 1.7366539138361854)	(6.0, 1.5171467468422266)	(7.0, 1.4003682022033124)	(8.0, 1.395697689923574)	(9.0, 1.4451260304918987)	('>10', 41.354228754911055)	('>50', 3.7499563102955538)	('>100', 5.715974630975172)	('>500', 1.8451159237831964)	('>1k', 4.479731105988378)	('>5k', 0.0)	('>10k+', 0.0)
SRR10983657	(1.0, 20.274943071221184)	(2.0, 5.1563350224945275)	(3.0, 2.8652915458547654)	(4.0, 2.042209613282665)	(5.0, 1.535535346996725)	(6.0, 1.2475895469650307)	(7.0, 1.0334702941621101)	(8.0, 0.8800893046503129)	(9.0, 0.7683886120240406)	('>10', 8.118527814309868)	('>50', 5.071320453051246)	('>100', 38.55351808288131)	('>500', 3.997192218845945)	('>1k', 4.744180789263712)	('>5k', 1.7789138706384207)	('>10k+', 1.9324944133582038)
SRR10983658	(1.0, 25.75404916927689)	(2.0, 5.597177454717038)	(3.0, 2.9290777243286903)	(4.0, 1.7230033660336943)	(5.0, 1.2265486855961372)	(6.0, 0.923008495183558)	(7.0, 0.7431309035799563)	(8.0, 0.6072572993326284)	(9.0, 0.5565067457577434)	('>10', 40.30740541154942)	('>50', 11.961342269718122)	('>100', 3.9950703510462064)	('>500', 1.099932385074893)	('>1k', 2.0275236204948164)	('>5k', 0.23763952854727932)	('>10k+', 0.3113265897629991)
SRR10983659	(1.0, 26.098378304378922)	(2.0, 5.103571635617789)	(3.0, 3.06742544012119)	(4.0, 2.9577717746839336)	(5.0, 3.267737884476872)	(6.0, 3.8054319340331615)	(7.0, 4.261353563403066)	(8.0, 4.603844474326851)	(9.0, 4.84501785849842)	('>10', 35.21766784629867)	('>50', 1.6192581729472744)	('>100', 2.2907737032456796)	('>500', 0.7376537368014036)	('>1k', 1.167445028781976)	('>5k', 0.3989967720000738)	('>10k+', 0.55767187038471)
SRR10983660	(1.0, 26.654052715962184)	(2.0, 5.056366004910921)	(3.0, 2.906193578397713)	(4.0, 2.4608962610593)	(5.0, 2.718905050176018)	(6.0, 3.0182992068719026)	(7.0, 3.4215249606428064)	(8.0, 3.7687304540654094)	(9.0, 4.022263995473019)	('>10', 37.64373794650871)	('>50', 1.6236249996455672)	('>100', 2.5008978460735816)	('>500', 0.9511591776514718)	('>1k', 1.8200454368568522)	('>5k', 0.31655882256244433)	('>10k+', 1.1167435431420503)
SRR10983661	(1.0, 16.37231928571914)	(2.0, 4.311528936178973)	(3.0, 2.633961885916101)	(4.0, 1.9990986416359495)	(5.0, 1.4857024625213)	(6.0, 1.152850777006275)	(7.0, 0.9936664390739371)	(8.0, 0.8458099995304964)	(9.0, 0.722081191050814)	('>10', 9.35448145027491)	('>50', 7.262176296175222)	('>100', 37.7851129820654)	('>500', 3.5384635416594006)	('>1k', 5.739542453275285)	('>5k', 2.343907573117452)	('>10k+', 3.459296084799378)
SRR10983662	(1.0, 41.98635421862106)	(2.0, 17.748609827887584)	(3.0, 12.792047260399467)	(4.0, 7.9800588378986115)	(5.0, 4.531635819028679)	(6.0, 2.5239624796297915)	(7.0, 1.427180385586813)	(8.0, 0.9328004330087579)	(9.0, 0.7151503204578125)	('>10', 4.17198550230505)	('>50', 0.9195618050902807)	('>100', 1.6654366563885759)	('>500', 0.603711429756599)	('>1k', 1.00564507082877)	('>5k', 0.32587431668935946)	('>10k+', 0.6699856364228023)
SRR10983663	(1.0, 28.05320488499989)	(2.0, 5.572261008301072)	(3.0, 3.7536488453984522)	(4.0, 4.0189864859804665)	(5.0, 4.694721059563607)	(6.0, 5.245081431806282)	(7.0, 5.6818299836328805)	(8.0, 5.591797401992551)	(9.0, 5.379515168017198)	('>10', 26.20010368316702)	('>50', 1.1569167051990212)	('>100', 1.8876339078588655)	('>500', 0.5879554866111355)	('>1k', 1.2167794145583155)	('>5k', 0.10103246451911685)	('>10k+', 0.8585320683942201)
