Sample	raw_total_sequences	filtered_sequences	sequences	is_sorted	1st_fragments	last_fragments	reads_mapped	reads_mapped_and_paired	reads_unmapped	reads_properly_paired	reads_paired	reads_duplicated	reads_MQ0	reads_QC_failed	non-primary_alignments	supplementary_alignments	total_length	total_first_fragment_length	total_last_fragment_length	bases_mapped	bases_mapped_(cigar)	bases_trimmed	bases_duplicated	mismatches	error_rate	average_length	average_first_fragment_length	average_last_fragment_length	maximum_length	maximum_first_fragment_length	maximum_last_fragment_length	average_quality	insert_size_average	insert_size_standard_deviation	inward_oriented_pairs	outward_oriented_pairs	pairs_with_other_orientation	pairs_on_different_chromosomes	percentage_of_properly_paired_reads_(%)	reads_mapped_percent	reads_mapped_and_paired_percent	reads_unmapped_percent	reads_properly_paired_percent	reads_paired_percent	reads_duplicated_percent	reads_MQ0_percent	reads_QC_failed_percent	reads_mapped_MQ1
SRR10983637	19297947.0	0.0	19297947.0	1.0	19297947.0	0.0	1245162.0	0.0	18052785.0	0.0	0.0	0.0	130101.0	0.0	985246.0	0.0	901718618.0	901718618.0	0.0	63464151.0	58472624.0	0.0	0.0	162657.0	0.002781763	47.0	47.0	0.0	51.0	51.0	0.0	34.7	0.0	0.0	0.0	0.0	0.0	0.0	0.0	6.452302931498361	0.0	93.54769706850163	0.0	0.0	0.0	0.6741701591366169	0.0	1115061.0
SRR10983638	20892496.0	0.0	20892496.0	1.0	20892496.0	0.0	15759111.0	0.0	5133385.0	0.0	0.0	0.0	1210760.0	0.0	8642162.0	0.0	1060558465.0	1060558465.0	0.0	803582500.0	739656685.0	0.0	0.0	1965224.0	0.002656941	51.0	51.0	0.0	51.0	51.0	0.0	34.9	0.0	0.0	0.0	0.0	0.0	0.0	0.0	75.42952742458345	0.0	24.570472575416552	0.0	0.0	0.0	5.7951907708873085	0.0	14548351.0
SRR10983639	20204182.0	0.0	20204182.0	1.0	20204182.0	0.0	15015395.0	0.0	5188787.0	0.0	0.0	0.0	1061339.0	0.0	7633021.0	0.0	1024179412.0	1024179412.0	0.0	765669545.0	705374922.0	0.0	0.0	1878121.0	0.002662586	51.0	51.0	0.0	51.0	51.0	0.0	34.9	0.0	0.0	0.0	0.0	0.0	0.0	0.0	74.31825252811521	0.0	25.68174747188478	0.0	0.0	0.0	5.2530659246684674	0.0	13954056.0
SRR10983640	15751057.0	0.0	15751057.0	1.0	15751057.0	0.0	12425722.0	0.0	3325335.0	0.0	0.0	0.0	664724.0	0.0	4114752.0	0.0	800667012.0	800667012.0	0.0	633607672.0	585929515.0	0.0	0.0	1621960.0	0.002768183	51.0	51.0	0.0	51.0	51.0	0.0	34.9	0.0	0.0	0.0	0.0	0.0	0.0	0.0	78.88817874254407	0.0	21.11182125745593	0.0	0.0	0.0	4.220186619856686	0.0	11760998.0
SRR10983641	12742629.0	0.0	12742629.0	1.0	12742629.0	0.0	447360.0	0.0	12295269.0	0.0	0.0	0.0	72467.0	0.0	622611.0	0.0	633028612.0	633028612.0	0.0	22809720.0	21187229.0	0.0	0.0	117109.0	0.005527339	50.0	50.0	0.0	51.0	51.0	0.0	34.9	0.0	0.0	0.0	0.0	0.0	0.0	0.0	3.510735500499936	0.0	96.48926449950007	0.0	0.0	0.0	0.5686974014545978	0.0	374893.0
SRR10983642	20708719.0	0.0	20708719.0	1.0	20708719.0	0.0	15743334.0	0.0	4965385.0	0.0	0.0	0.0	1715386.0	0.0	12458473.0	0.0	1051236412.0	1051236412.0	0.0	802741270.0	738492984.0	0.0	0.0	2258001.0	0.00305758	51.0	51.0	0.0	51.0	51.0	0.0	34.7	0.0	0.0	0.0	0.0	0.0	0.0	0.0	76.02273226074486	0.0	23.977267739255144	0.0	0.0	0.0	8.283399856842907	0.0	14027948.0
SRR10983643	14455194.0	0.0	14455194.0	1.0	14455194.0	0.0	7702062.0	0.0	6753132.0	0.0	0.0	0.0	3156938.0	0.0	28909616.0	0.0	727023872.0	727023872.0	0.0	392607431.0	358262826.0	0.0	0.0	894237.0	0.002496036	50.0	50.0	0.0	51.0	51.0	0.0	34.7	0.0	0.0	0.0	0.0	0.0	0.0	0.0	53.282314993489535	0.0	46.717685006510465	0.0	0.0	0.0	21.839471680559942	0.0	4545124.0
SRR10983644	16481747.0	0.0	16481747.0	1.0	16481747.0	0.0	4024846.0	0.0	12456901.0	0.0	0.0	0.0	221309.0	0.0	1219472.0	0.0	832107961.0	832107961.0	0.0	205242403.0	190361211.0	0.0	0.0	652426.0	0.003427305	50.0	50.0	0.0	51.0	51.0	0.0	34.6	0.0	0.0	0.0	0.0	0.0	0.0	0.0	24.420020523309816	0.0	75.57997947669018	0.0	0.0	0.0	1.3427520759783536	0.0	3803537.0
SRR10983645	1890084.0	0.0	1890084.0	1.0	1890084.0	0.0	32321.0	0.0	1857763.0	0.0	0.0	0.0	2580.0	0.0	20425.0	0.0	93309352.0	93309352.0	0.0	1647792.0	1527403.0	0.0	0.0	5073.0	0.003321324	49.0	49.0	0.0	51.0	51.0	0.0	34.7	0.0	0.0	0.0	0.0	0.0	0.0	0.0	1.710029818780541	0.0	98.28997018121946	0.0	0.0	0.0	0.1365018697581695	0.0	29741.0
SRR10983646	13236896.0	0.0	13236896.0	1.0	13236896.0	0.0	10657104.0	0.0	2579792.0	0.0	0.0	0.0	797458.0	0.0	4657579.0	0.0	675081696.0	675081696.0	0.0	543512304.0	500633858.0	0.0	0.0	1484928.0	0.002966096	51.0	51.0	0.0	51.0	51.0	0.0	34.7	0.0	0.0	0.0	0.0	0.0	0.0	0.0	80.5105970463166	0.0	19.489402953683403	0.0	0.0	0.0	6.024509069195679	0.0	9859646.0
SRR10983647	18510469.0	0.0	18510469.0	1.0	18510469.0	0.0	15572575.0	0.0	2937894.0	0.0	0.0	0.0	1168332.0	0.0	6257719.0	0.0	944033919.0	944033919.0	0.0	794201325.0	730513209.0	0.0	0.0	2044125.0	0.002798204	51.0	51.0	0.0	51.0	51.0	0.0	34.7	0.0	0.0	0.0	0.0	0.0	0.0	0.0	84.12847346007278	0.0	15.871526539927217	0.0	0.0	0.0	6.311736347685194	0.0	14404243.0
SRR10983648	16707499.0	0.0	16707499.0	1.0	16707499.0	0.0	14065308.0	0.0	2642191.0	0.0	0.0	0.0	1012714.0	0.0	5828891.0	0.0	852082449.0	852082449.0	0.0	717330708.0	660868062.0	0.0	0.0	1848005.0	0.00279633	51.0	51.0	0.0	51.0	51.0	0.0	34.7	0.0	0.0	0.0	0.0	0.0	0.0	0.0	84.18559833521464	0.0	15.814401664785377	0.0	0.0	0.0	6.06143385075169	0.0	13052594.0
SRR10983649	14335706.0	0.0	14335706.0	1.0	14335706.0	0.0	12403983.0	0.0	1931723.0	0.0	0.0	0.0	795503.0	0.0	4284601.0	0.0	731121006.0	731121006.0	0.0	632603133.0	583739391.0	0.0	0.0	1633031.0	0.002797534	51.0	51.0	0.0	51.0	51.0	0.0	34.7	0.0	0.0	0.0	0.0	0.0	0.0	0.0	86.52509335780184	0.0	13.474906642198158	0.0	0.0	0.0	5.549102360218604	0.0	11608480.0
SRR10983650	1111649.0	0.0	1111649.0	1.0	1111649.0	0.0	164270.0	0.0	947379.0	0.0	0.0	0.0	6264.0	0.0	86397.0	0.0	55986022.0	55986022.0	0.0	8371026.0	8156682.0	0.0	0.0	44592.0	0.005466929	50.0	50.0	0.0	51.0	51.0	0.0	34.6	0.0	0.0	0.0	0.0	0.0	0.0	0.0	14.77714638343578	0.0	85.22285361656422	0.0	0.0	0.0	0.5634872158388124	0.0	158006.0
SRR10983651	14393856.0	0.0	14393856.0	1.0	14393856.0	0.0	12080238.0	0.0	2313618.0	0.0	0.0	0.0	825741.0	0.0	4614662.0	0.0	734086656.0	734086656.0	0.0	616092138.0	568781212.0	0.0	0.0	1744156.0	0.00306648	51.0	51.0	0.0	51.0	51.0	0.0	34.7	0.0	0.0	0.0	0.0	0.0	0.0	0.0	83.92635024277025	0.0	16.073649757229752	0.0	0.0	0.0	5.736760184345321	0.0	11254497.0
SRR10983652	14824917.0	0.0	14824917.0	1.0	14824917.0	0.0	1833154.0	0.0	12991763.0	0.0	0.0	0.0	173690.0	0.0	1222604.0	0.0	722298942.0	722298942.0	0.0	93457158.0	85989282.0	0.0	0.0	256011.0	0.002977243	49.0	49.0	0.0	51.0	51.0	0.0	34.5	0.0	0.0	0.0	0.0	0.0	0.0	0.0	12.365357593570337	0.0	87.63464240642966	0.0	0.0	0.0	1.171608583036249	0.0	1659464.0
SRR10983653	17153972.0	0.0	17153972.0	1.0	17153972.0	0.0	286939.0	0.0	16867033.0	0.0	0.0	0.0	28719.0	0.0	303228.0	0.0	821177838.0	821177838.0	0.0	14619200.0	13686692.0	0.0	0.0	41323.0	0.00301921	48.0	48.0	0.0	51.0	51.0	0.0	34.7	0.0	0.0	0.0	0.0	0.0	0.0	0.0	1.6727262933622602	0.0	98.32727370663774	0.0	0.0	0.0	0.16741895113271724	0.0	258220.0
SRR10983654	17573360.0	0.0	17573360.0	1.0	17573360.0	0.0	1166309.0	0.0	16407051.0	0.0	0.0	0.0	46808.0	0.0	749233.0	0.0	866339845.0	866339845.0	0.0	59114764.0	57473349.0	0.0	0.0	214439.0	0.003731103	49.0	49.0	0.0	51.0	51.0	0.0	34.8	0.0	0.0	0.0	0.0	0.0	0.0	0.0	6.636801385733861	0.0	93.36319861426614	0.0	0.0	0.0	0.266357714176458	0.0	1119501.0
SRR10983655	14986661.0	0.0	14986661.0	1.0	14986661.0	0.0	2750062.0	0.0	12236599.0	0.0	0.0	0.0	358460.0	0.0	3302159.0	0.0	712883741.0	712883741.0	0.0	140218006.0	129918427.0	0.0	0.0	385525.0	0.002967439	48.0	48.0	0.0	51.0	51.0	0.0	34.7	0.0	0.0	0.0	0.0	0.0	0.0	0.0	18.350064767595665	0.0	81.64993523240433	0.0	0.0	0.0	2.3918603350005716	0.0	2391602.0
SRR10983656	754976.0	0.0	754976.0	1.0	754976.0	0.0	302356.0	0.0	452620.0	0.0	0.0	0.0	16720.0	0.0	112150.0	0.0	37431618.0	37431618.0	0.0	15418173.0	14302639.0	0.0	0.0	43348.0	0.003030769	50.0	50.0	0.0	51.0	51.0	0.0	34.8	0.0	0.0	0.0	0.0	0.0	0.0	0.0	40.04842538040944	0.0	59.95157461959055	0.0	0.0	0.0	2.214639935574111	0.0	285636.0
SRR10983657	9585518.0	0.0	9585518.0	1.0	9585518.0	0.0	5422794.0	0.0	4162724.0	0.0	0.0	0.0	850314.0	0.0	6865714.0	0.0	484185778.0	484185778.0	0.0	276497299.0	253924665.0	0.0	0.0	667206.0	0.002627575	51.0	51.0	0.0	51.0	51.0	0.0	34.7	0.0	0.0	0.0	0.0	0.0	0.0	0.0	56.572779895671786	0.0	43.42722010432822	0.0	0.0	0.0	8.870819500834488	0.0	4572480.0
SRR10983658	10017247.0	0.0	10017247.0	1.0	10017247.0	0.0	7530127.0	0.0	2487120.0	0.0	0.0	0.0	431632.0	0.0	2363950.0	0.0	506863744.0	506863744.0	0.0	383982852.0	354218362.0	0.0	0.0	952024.0	0.002687675	51.0	51.0	0.0	51.0	51.0	0.0	34.7	0.0	0.0	0.0	0.0	0.0	0.0	0.0	75.17162150439137	0.0	24.828378495608625	0.0	0.0	0.0	4.308888460072912	0.0	7098495.0
SRR10983659	13839185.0	0.0	13839185.0	1.0	13839185.0	0.0	11944357.0	0.0	1894828.0	0.0	0.0	0.0	739947.0	0.0	4320345.0	0.0	705798435.0	705798435.0	0.0	609162207.0	562656973.0	0.0	0.0	1522755.0	0.002706365	51.0	51.0	0.0	51.0	51.0	0.0	34.7	0.0	0.0	0.0	0.0	0.0	0.0	0.0	86.3082399722238	0.0	13.691760027776201	0.0	0.0	0.0	5.346752717013321	0.0	11204410.0
SRR10983660	12935569.0	0.0	12935569.0	1.0	12935569.0	0.0	10838774.0	0.0	2096795.0	0.0	0.0	0.0	857049.0	0.0	5080454.0	0.0	659714019.0	659714019.0	0.0	552777474.0	509530328.0	0.0	0.0	1384057.0	0.002716339	51.0	51.0	0.0	51.0	51.0	0.0	34.7	0.0	0.0	0.0	0.0	0.0	0.0	0.0	83.7904695185809	0.0	16.2095304814191	0.0	0.0	0.0	6.625522232535731	0.0	9981725.0
SRR10983661	14915629.0	0.0	14915629.0	1.0	14915629.0	0.0	7108064.0	0.0	7807565.0	0.0	0.0	0.0	487500.0	0.0	2926008.0	0.0	746372447.0	746372447.0	0.0	362465856.0	333555731.0	0.0	0.0	1031902.0	0.003093642	50.0	50.0	0.0	51.0	51.0	0.0	34.7	0.0	0.0	0.0	0.0	0.0	0.0	0.0	47.65514079225221	0.0	52.344859207747795	0.0	0.0	0.0	3.2683837872341823	0.0	6620564.0
SRR10983662	12511154.0	0.0	12511154.0	1.0	12511154.0	0.0	10920986.0	0.0	1590168.0	0.0	0.0	0.0	668565.0	0.0	3658988.0	0.0	638068854.0	638068854.0	0.0	556970286.0	514031572.0	0.0	0.0	1369013.0	0.002663286	51.0	51.0	0.0	51.0	51.0	0.0	34.7	0.0	0.0	0.0	0.0	0.0	0.0	0.0	87.28999738952938	0.0	12.710002610470625	0.0	0.0	0.0	5.343751663515612	0.0	10252421.0
SRR10983663	12224638.0	0.0	12224638.0	1.0	12224638.0	0.0	10338928.0	0.0	1885710.0	0.0	0.0	0.0	653468.0	0.0	3747453.0	0.0	621665524.0	621665524.0	0.0	527208094.0	486532165.0	0.0	0.0	1330162.0	0.002733965	51.0	51.0	0.0	51.0	51.0	0.0	34.7	0.0	0.0	0.0	0.0	0.0	0.0	0.0	84.57451255407318	0.0	15.425487445926825	0.0	0.0	0.0	5.34549980130291	0.0	9685460.0
